
19 2 11 6
2 11 6
11 6
6
11
2 6
2
2 11
11 19 6
19 6
19
19 11
2 19 6
2 19
11 2 19
1 19 6 14
19 6 14
6 14
14
19 14
1 6 14
1 14
1
1 6
1 19 14
1 19
1 19 6
0 8 19 13
8 19 13
19 13
13
8 13
8
8 19
0 19 13
0 13
0
0 19
0 8 13
0 8
0 8 19
0 19 4 13
19 4 13
4 13
4
19 4
0 4 13
0 4
0 19 4
0 17 19 6
17 19 6
17 6
17
17 19
0 19 6
0 6
0 17 6
0 17
0 17 19
0 9 19 14
9 19 14
9 14
9
9 19
0 19 14
0 14
0 9 14
0 9
0 9 19
0 19 4 15
19 4 15
4 15
15
19 15
0 4 15
0 15
0 19 15
8 1 20 14
1 20 14
20 14
20
1 20
8 20 14
8 14
8 20
8 1 14
8 1
8 1 20
0 9 20 17
9 20 17
17 20
9 17
9 20
0 17 20
0 20
0 9 17
0 9 20
0 20 6 14
20 6 14
20 6
0 6 14
0 20 14
0 20 6
0 8 20 14
0 8 14
0 8 20
17 2 20 6
2 20 6
2 20
17 20 6
17 2 6
17 2
17 2 20
0 19 11 6
0 11 6
0 11
0 11 19
0 16 19 5
16 19 5
19 5
5
16 5
16
16 19
0 19 5
0 5
0 16 5
0 16
0 16 19
0 13 20 5
5 20 13
20 13
13 5
20 5
0 20 5
0 5 13
0 20 13
8 1 19 13
1 19 13
1 13
8 1 13
8 1 19
0 16 19 4
16 19 4
16 4
0 16 4
1 20 9 14
9 20 14
1 9 14
1 9
1 20 9
0 17 20 7
17 20 7
20 7
7
17 7
0 20 7
0 7
0 17 7
0 8 19 15
8 19 15
8 15
0 8 15
2 19 4 13
2 4 13
2 13
2 4
2 19 13
2 19 4
0 8 18 19
8 18 19
18 19
18
8 18
0 18 19
0 18
0 8 18
2 18 20 6
18 20 6
18 6
18 20
2 18 6
2 18
2 18 20
0 8 19 14
8 19 14
19 2 18 5
2 18 5
18 5
2 5
18 19 5
2 19 5
18 2 19
0 8 19 16
8 16 19
8 16
0 8 16
0 19 6 14
8 19 2 11
8 2 11
8 11
8 2
8 11 19
8 2 19
8 2 19 15
2 19 15
2 15
8 2 15
0 8 11 19
0 8 11
0 8 20 16
8 16 20
16 20
0 16 20
1 19 5 17
17 19 5
17 5
1 5 17
1 17
1 5
1 19 17
1 19 5
1 19 6 17
1 6 17
0 18 19 6
18 19 6
0 18 6
19 2 13 5
2 5 13
5 19 13
0 17 19 5
0 17 5
0 17 10 20
17 10 20
10 20
10
17 10
0 10 20
0 10
0 17 10
2 20 6 14
2 6 14
2 14
2 20 14
8 1 19 14
0 8 18 20
8 18 20
0 18 20
0 19 5 15
19 5 15
5 15
0 5 15
0 16 19 6
16 19 6
16 6
0 16 6
0 8 11 20
8 11 20
11 20
0 11 20
0 8 19 17
8 17 19
8 17
0 8 17
16 1 20 6
1 20 6
16 20 6
16 1 6
16 1
16 1 20
0 19 11 5
11 19 5
11 5
0 11 5
0 19 6 15
19 6 15
6 15
0 6 15
0 8 20 13
8 20 13
8 2 18 20
8 2 20
8 2 18
0 9 19 17
9 19 17
17 2 20 7
2 20 7
2 7
17 2 7
8 2 19 13
8 2 13
1 20 17 7
1 17 7
1 7
1 20 7
1 20 17
0 19 5 14
19 5 14
5 14
0 5 14
0 9 20 14
1 19 9 17
1 9 17
1 19 9
8 1 20 13
1 20 13
8 1 20 15
1 20 15
20 15
1 15
8 20 15
8 1 15
8 1 19 16
16 1 19
8 1 16
2 13 20 5
2 20 5
2 20 13
0 11 20 5
11 20 5
0 18 19 5
0 18 5
9 2 20 17
9 2 17
9 2
9 2 20
0 17 20 5
17 20 5
0 19 13 6
19 13 6
13 6
0 13 6
1 19 9 14
16 1 20 9
16 9 20
16 9
16 1 9
2 19 5 14
2 5 14
2 19 14
19 9 2 18
9 2 18
9 18
9 18 19
9 2 19
17 2 19 5
17 2 5
17 2 19
8 19 2 18
8 2 20 14
8 2 14
0 20 4 13
13 20 4
20 4
0 20 4
8 2 11 20
2 11 20
2 19 13 6
2 13 6
19 2 18 6
9 2 20 14
9 2 14
8 17 2 19
8 17 2
0 20 6 15
20 6 15
0 20 15
8 1 20 16
1 20 4 13
1 4 13
1 4
1 20 4
0 17 20 6
8 1 19 15
1 19 15
0 18 20 5
18 20 5
2 19 4 15
2 4 15
1 19 13 9
9 19 13
9 13
1 13 9
9 2 19 17
8 2 20 13
16 9 2 20
16 2 20
16 2
16 9 2
16 1 19 6
0 11 20 6
11 20 6
1 20 6 17
0 19 4 14
19 4 14
4 14
0 4 14
0 8 20 17
8 17 20
19 2 11 4
2 11 4
11 4
11 19 4
1 19 4 13
1 19 4
0 8 20 15
1 13 19 5
1 5 13
1 20 6 14
0 20 14 7
20 14 7
14 7
0 14 7
0 20 5 15
20 5 15
8 2 19 12
2 19 12
19 12
12
2 12
8 19 12
8 12
8 2 12
0 20 5 14
20 5 14
0 13 19 5
0 18 20 6
17 2 19 6
0 16 20 6
19 2 18 4
2 18 4
18 4
18 19 4
1 19 13 6
1 13 6
0 17 19 7
17 19 7
19 7
0 19 7
0 19 11 4
0 11 4
16 1 19 5
16 1 5
1 18 19 6
1 18 6
1 18
1 18 19
1 10 20 17
1 10 17
1 10
1 10 20
0 9 20 13
9 20 13
0 9 13
8 2 19 14
0 9 19 16
16 9 19
0 9 16
0 9 18 20
9 18 20
0 9 18
1 4 20 14
4 20 14
1 4 14
1 20 14 7
1 14 7
1 10 20 13
10 20 13
10 13
1 10 13
8 17 2 20
16 1 19 9
2 19 5 15
2 5 15
1 19 4 14
0 17 10 19
17 10 19
10 19
0 10 19
17 2 20 5
1 20 13 6
20 13 6
1 20 5 17
1 20 5
0 20 13 6
1 13 20 5
8 16 2 19
16 2 19
8 16 2
1 10 19 17
1 10 19
2 11 20 6
1 19 4 15
1 4 15
2 19 6 14
19 17 2 10
17 2 10
2 10
10 2 19
0 9 19 15
9 19 15
9 15
0 9 15
19 2 11 5
2 11 5
0 9 20 16
2 20 4 13
2 20 4
0 16 20 5
16 20 5
2 11 20 5
0 10 20 13
0 10 13
0 16 4 20
16 4 20
0 18 19 4
0 18 4
1 19 6 15
1 6 15
16 1 19 4
16 1 4
8 1 11 20
1 11 20
1 11
8 1 11
0 9 11 19
19 9 11
9 11
0 9 11
8 1 20 17
8 1 17
19 3 4 13
3 4 13
3 13
3
3 4
3 19 13
19 3
3 19 4
1 10 19 14
10 19 14
10 14
1 10 14
0 4 20 14
19 1 11 4
1 11 4
11 1 19
16 1 20 5
8 2 20 15
2 20 15
0 17 19 4
17 19 4
17 4
0 17 4
16 1 4 20
17 2 10 20
2 10 20
0 11 20 7
11 20 7
11 7
0 11 7
1 18 19 5
1 18 5
1 20 9 17
0 16 10 19
16 10 19
16 10
0 16 10
19 9 2 11
9 2 11
8 1 11 19
9 2 18 20
16 1 10 19
16 1 10
17 2 19 7
2 19 7
0 19 10 11
11 10 19
10 11
0 10 11
19 1 11 6
1 11 6
16 2 19 6
16 2 6
17 2 19 4
17 2 4
0 10 19 14
0 10 14
1 10 20 14
10 20 14
1 19 5 14
1 5 14
9 2 19 14
2 10 20 14
2 10 14
1 20 5 14
2 19 4 14
2 4 14
0 10 18 20
10 18 20
10 18
0 10 18
0 10 11 20
10 11 20
16 1 10 20
16 10 20
1 18 20 6
1 18 20
8 1 19 17
1 19 4 17
1 4 17
1 19 14 7
19 14 7
1 19 7
2 20 14 7
2 14 7
1 20 5 15
1 5 15
0 9 11 20
9 11 20
2 4 20 14
0 18 4 20
18 4 20
1 19 17 7
0 9 19 13
16 2 19 4
16 2 4
0 11 4 20
11 4 20
8 1 18 20
8 1 18
16 2 4 20
1 20 13 9
1 11 20 6
9 2 11 20
2 18 20 5
2 11 20 7
2 11 7
18 2 10 20
10 18 2
1 10 19 13
10 19 13
0 17 4 20
17 4 20
1 11 4 20
0 16 20 7
16 20 7
16 7
0 16 7
0 18 19 7
18 19 7
18 7
0 18 7
8 1 18 19
0 19 11 7
11 19 7
2 4 20 15
4 20 15
0 4 20 15
0 10 20 14
2 20 5 14
0 20 13 7
20 13 7
13 7
0 13 7
16 2 20 6
1 19 5 15
1 19 13 7
19 13 7
1 13 7
19 1 11 5
1 11 5
0 16 10 20
1 20 6 15
0 9 18 19
1 11 20 5
8 19 3 13
8 3 13
8 3
8 3 19
0 15 20 7
20 7 15
15 7
0 7 15
2 20 13 6
2 19 6 15
2 6 15
1 18 20 5
2 19 14 7
1 18 19 4
1 18 4
8 16 2 20
16 1 20 7
16 1 7
16 1 19 7
16 19 7
0 16 19 7
0 19 14 7
1 19 9 15
1 9 15
1 18 20 9
1 18 9
9 2 19 13
9 2 13
2 20 5 15
2 19 12 6
19 12 6
12 6
2 12 6
19 1 11 7
1 11 7
2 20 6 15
19 2 10 14
2 18 4 20
2 19 4 12
19 4 12
4 12
2 4 12
1 18 19 9
0 10 19 13
1 20 13 7
0 10 19 15
10 19 15
10 15
0 10 15
1 4 20 15
8 11 3 19
3 19 11
11 3
8 3 11
19 2 18 7
2 18 7
0 19 10 18
18 10 19
19 1 11 9
1 11 9
11 2 10 20
10 2 11
1 10 20 15
10 20 15
1 10 15
19 2 10 15
2 10 15
1 4 20 17
19 13 3 5
5 3 13
3 5
3 19 5
9 2 19 15
9 2 15
9 2 12 20
2 12 20
12 20
9 12 20
9 12
9 2 12
8 19 3 15
3 19 15
3 15
8 3 15
0 9 20 15
9 20 15
0 18 20 7
18 20 7
9 2 20 13
16 2 20 5
16 2 5
1 10 19 15
16 2 19 5
