2.0;0.0;34.0;6.0;4.0;2.0;3.0;0.0;3.0;14.0;13.0;1.0;8.0;2.0;0.0;4.0;1.0;2.0;40.4;4.23;51.4;16.4
2.0;0.0;34.0;6.0;4.0;2.0;3.0;0.0;3.0;14.0;13.0;1.0;8.0;2.0;0.0;4.0;1.0;2.0;37.8;4.45;50.8;17.9
2.0;0.0;34.0;6.0;4.0;2.0;3.0;0.0;3.0;14.0;13.0;1.0;8.0;2.0;0.0;4.0;1.0;2.0;41.0;4.42;51.1;17.7
2.0;1.0;34.0;6.0;4.0;2.0;3.0;0.0;3.0;15.0;14.0;1.0;10.0;2.0;0.0;5.0;1.0;2.0;55.1;3.91;51.8;17.1
2.0;1.0;34.0;6.0;4.0;2.0;3.0;0.0;3.0;15.0;14.0;1.0;10.0;2.0;0.0;5.0;1.0;2.0;39.1;4.05;52.1;16.7
2.0;1.0;34.0;6.0;4.0;2.0;3.0;0.0;3.0;15.0;14.0;1.0;10.0;2.0;0.0;5.0;1.0;2.0;43.4;4.29;51.7;17.4
1.0;0.0;34.0;17.0;16.0;1.0;3.0;4.0;2.0;16.0;16.0;0.0;8.0;10.0;1.0;7.0;2.0;1.0;25.6;3.04;42.29;23.54
1.0;0.0;34.0;17.0;16.0;1.0;3.0;4.0;2.0;16.0;16.0;0.0;8.0;10.0;1.0;7.0;2.0;1.0;27.0;2.9;41.79;23.83
1.0;0.0;34.0;17.0;16.0;1.0;3.0;4.0;2.0;16.0;16.0;0.0;8.0;10.0;1.0;7.0;2.0;1.0;28.5;2.51;40.64;24.6
1.0;0.0;34.0;17.0;16.0;1.0;3.0;4.0;2.0;16.0;16.0;0.0;8.0;10.0;1.0;7.0;2.0;1.0;26.4;3.0;41.96;23.17
1.0;0.0;34.0;17.0;16.0;1.0;3.0;4.0;2.0;16.0;16.0;0.0;8.0;10.0;1.0;7.0;2.0;1.0;28.1;2.87;42.01;22.94
1.0;0.0;34.0;17.0;16.0;1.0;3.0;4.0;2.0;16.0;16.0;0.0;8.0;10.0;1.0;7.0;2.0;1.0;25.3;3.03;42.77;22.99
1.0;1.0;34.0;17.0;16.0;1.0;5.0;4.0;3.0;15.0;15.0;0.0;10.0;9.0;0.0;7.0;4.0;1.0;29.3;2.79;43.5;22.69
1.0;1.0;34.0;17.0;16.0;1.0;5.0;4.0;3.0;15.0;15.0;0.0;10.0;9.0;0.0;7.0;4.0;1.0;31.2;2.87;42.27;24.07
1.0;1.0;34.0;17.0;16.0;1.0;5.0;4.0;3.0;15.0;15.0;0.0;10.0;9.0;0.0;7.0;4.0;1.0;34.1;2.77;44.15;22.04
1.0;1.0;34.0;17.0;16.0;1.0;5.0;4.0;3.0;15.0;15.0;0.0;10.0;9.0;0.0;7.0;4.0;1.0;26.2;2.61;41.43;25.23
1.0;1.0;34.0;17.0;16.0;1.0;5.0;4.0;3.0;15.0;15.0;0.0;10.0;9.0;0.0;7.0;4.0;1.0;33.8;2.68;44.05;22.07
1.0;1.0;34.0;17.0;16.0;1.0;5.0;4.0;3.0;15.0;15.0;0.0;10.0;9.0;0.0;7.0;4.0;1.0;34.9;2.66;43.34;21.99
2.0;0.0;19.0;4.0;4.0;0.0;16.0;0.0;16.0;5.0;4.0;1.0;8.0;2.0;0.0;8.0;2.0;0.0;31.22;4.6;46.91;21.4
2.0;0.0;19.0;4.0;4.0;0.0;16.0;0.0;16.0;5.0;4.0;1.0;8.0;2.0;0.0;8.0;2.0;0.0;34.98;5.06;46.64;21.31
2.0;0.0;19.0;4.0;4.0;0.0;16.0;0.0;16.0;5.0;4.0;1.0;8.0;2.0;0.0;8.0;2.0;0.0;32.34;4.75;46.26;21.62
2.0;0.0;19.0;4.0;4.0;0.0;16.0;0.0;16.0;5.0;4.0;1.0;8.0;2.0;0.0;8.0;2.0;0.0;26.94;4.85;44.89;22.08
2.0;0.0;19.0;4.0;4.0;0.0;16.0;0.0;16.0;5.0;4.0;1.0;8.0;2.0;0.0;8.0;2.0;0.0;31.6;4.87;45.55;21.7
2.0;0.0;19.0;4.0;4.0;0.0;16.0;0.0;16.0;5.0;4.0;1.0;8.0;2.0;0.0;8.0;2.0;0.0;25.16;4.42;44.79;21.71
2.0;0.0;19.0;4.0;4.0;0.0;16.0;0.0;16.0;5.0;4.0;1.0;8.0;2.0;0.0;8.0;2.0;0.0;28.35;4.82;45.17;22.84
2.0;0.0;19.0;4.0;4.0;0.0;16.0;0.0;16.0;5.0;4.0;1.0;8.0;2.0;0.0;8.0;2.0;0.0;31.91;4.6;45.01;22.43
2.0;0.0;19.0;4.0;4.0;0.0;16.0;0.0;16.0;5.0;4.0;1.0;8.0;2.0;0.0;8.0;2.0;0.0;26.28;4.73;44.91;22.84
2.0;0.0;19.0;4.0;4.0;0.0;16.0;0.0;16.0;5.0;4.0;1.0;8.0;2.0;0.0;8.0;2.0;0.0;32.78;4.29;42.71;23.17
2.0;0.0;19.0;4.0;4.0;0.0;16.0;0.0;16.0;5.0;4.0;1.0;8.0;2.0;0.0;8.0;2.0;0.0;32.83;4.67;44.34;23.07
2.0;0.0;19.0;4.0;4.0;0.0;16.0;0.0;16.0;5.0;4.0;1.0;8.0;2.0;0.0;8.0;2.0;0.0;26.26;4.42;42.8;24.25
2.0;1.0;24.0;4.0;4.0;0.0;18.0;0.0;18.0;2.0;2.0;0.0;9.0;2.0;0.0;8.0;2.0;0.0;40.12;4.22;47.16;21.71
2.0;1.0;24.0;4.0;4.0;0.0;18.0;0.0;18.0;2.0;2.0;0.0;9.0;2.0;0.0;8.0;2.0;0.0;43.02;4.47;49.68;20.15
2.0;1.0;24.0;4.0;4.0;0.0;18.0;0.0;18.0;2.0;2.0;0.0;9.0;2.0;0.0;8.0;2.0;0.0;39.58;4.39;49.54;20.64
2.0;1.0;24.0;4.0;4.0;0.0;18.0;0.0;18.0;2.0;2.0;0.0;9.0;2.0;0.0;8.0;2.0;0.0;33.35;4.34;47.63;22.12
2.0;1.0;24.0;4.0;4.0;0.0;18.0;0.0;18.0;2.0;2.0;0.0;9.0;2.0;0.0;8.0;2.0;0.0;34.62;4.23;49.15;20.31
2.0;1.0;24.0;4.0;4.0;0.0;18.0;0.0;18.0;2.0;2.0;0.0;9.0;2.0;0.0;8.0;2.0;0.0;33.99;4.56;49.76;20.01
2.0;1.0;24.0;4.0;4.0;0.0;18.0;0.0;18.0;2.0;2.0;0.0;9.0;2.0;0.0;8.0;2.0;0.0;34.46;4.21;47.86;21.82
2.0;1.0;24.0;4.0;4.0;0.0;18.0;0.0;18.0;2.0;2.0;0.0;9.0;2.0;0.0;8.0;2.0;0.0;29.27;4.4;46.68;22.48
2.0;1.0;24.0;4.0;4.0;0.0;18.0;0.0;18.0;2.0;2.0;0.0;9.0;2.0;0.0;8.0;2.0;0.0;45.16;4.38;47.93;21.25
2.0;1.0;24.0;4.0;4.0;0.0;18.0;0.0;18.0;2.0;2.0;0.0;9.0;2.0;0.0;8.0;2.0;0.0;35.49;4.27;47.97;21.29
2.0;1.0;24.0;4.0;4.0;0.0;18.0;0.0;18.0;2.0;2.0;0.0;9.0;2.0;0.0;8.0;2.0;0.0;35.33;4.19;46.82;22.74
2.0;1.0;24.0;4.0;4.0;0.0;18.0;0.0;18.0;2.0;2.0;0.0;9.0;2.0;0.0;8.0;2.0;0.0;32.9;5.17;46.11;22.82
2.0;0.0;19.0;10.0;8.0;2.0;8.0;0.0;7.0;1.0;1.0;0.0;6.0;2.0;0.0;8.0;6.0;2.0;29.17;5.26;49.23;18.5
2.0;0.0;19.0;10.0;8.0;2.0;8.0;0.0;7.0;1.0;1.0;0.0;6.0;2.0;0.0;8.0;6.0;2.0;31.46;5.42;47.23;20.01
2.0;0.0;19.0;10.0;8.0;2.0;8.0;0.0;7.0;1.0;1.0;0.0;6.0;2.0;0.0;8.0;6.0;2.0;33.99;5.34;47.71;20.52
2.0;0.0;19.0;10.0;8.0;2.0;8.0;0.0;7.0;1.0;1.0;0.0;6.0;2.0;0.0;8.0;6.0;2.0;31.92;5.56;48.38;19.29
2.0;0.0;19.0;10.0;8.0;2.0;8.0;0.0;7.0;1.0;1.0;0.0;6.0;2.0;0.0;8.0;6.0;2.0;33.92;5.37;48.82;19.33
2.0;0.0;19.0;10.0;8.0;2.0;8.0;0.0;7.0;1.0;1.0;0.0;6.0;2.0;0.0;8.0;6.0;2.0;32.65;5.39;47.15;19.83
2.0;0.0;19.0;10.0;8.0;2.0;8.0;0.0;7.0;1.0;1.0;0.0;6.0;2.0;0.0;8.0;6.0;2.0;30.84;4.95;48.06;18.87
2.0;0.0;19.0;10.0;8.0;2.0;8.0;0.0;7.0;1.0;1.0;0.0;6.0;2.0;0.0;8.0;6.0;2.0;34.1;5.3;48.08;19.62
2.0;0.0;19.0;10.0;8.0;2.0;8.0;0.0;7.0;1.0;1.0;0.0;6.0;2.0;0.0;8.0;6.0;2.0;33.46;5.37;47.06;20.88
2.0;0.0;19.0;10.0;8.0;2.0;8.0;0.0;7.0;1.0;1.0;0.0;6.0;2.0;0.0;8.0;6.0;2.0;29.84;5.4;46.65;20.69
2.0;0.0;19.0;10.0;8.0;2.0;8.0;0.0;7.0;1.0;1.0;0.0;6.0;2.0;0.0;8.0;6.0;2.0;33.34;5.36;48.55;19.38
2.0;0.0;19.0;10.0;8.0;2.0;8.0;0.0;7.0;1.0;1.0;0.0;6.0;2.0;0.0;8.0;6.0;2.0;30.86;4.57;49.72;18.35
2.0;1.0;19.0;10.0;8.0;2.0;18.0;0.0;16.0;2.0;2.0;0.0;4.0;2.0;0.0;9.0;6.0;2.0;36.71;4.23;50.53;18.39
2.0;1.0;19.0;10.0;8.0;2.0;18.0;0.0;16.0;2.0;2.0;0.0;4.0;2.0;0.0;9.0;6.0;2.0;33.88;4.29;51.39;18.55
2.0;1.0;19.0;10.0;8.0;2.0;18.0;0.0;16.0;2.0;2.0;0.0;4.0;2.0;0.0;9.0;6.0;2.0;33.51;4.36;50.8;18.5
2.0;1.0;19.0;10.0;8.0;2.0;18.0;0.0;16.0;2.0;2.0;0.0;4.0;2.0;0.0;9.0;6.0;2.0;35.49;4.41;50.53;19.09
2.0;1.0;19.0;10.0;8.0;2.0;18.0;0.0;16.0;2.0;2.0;0.0;4.0;2.0;0.0;9.0;6.0;2.0;31.0;4.53;48.66;20.84
2.0;1.0;19.0;10.0;8.0;2.0;18.0;0.0;16.0;2.0;2.0;0.0;4.0;2.0;0.0;9.0;6.0;2.0;36.67;4.43;50.58;18.64
2.0;1.0;19.0;10.0;8.0;2.0;18.0;0.0;16.0;2.0;2.0;0.0;4.0;2.0;0.0;9.0;6.0;2.0;37.88;4.35;50.6;19.05
2.0;1.0;19.0;10.0;8.0;2.0;18.0;0.0;16.0;2.0;2.0;0.0;4.0;2.0;0.0;9.0;6.0;2.0;35.22;4.23;50.19;18.53
2.0;1.0;19.0;10.0;8.0;2.0;18.0;0.0;16.0;2.0;2.0;0.0;4.0;2.0;0.0;9.0;6.0;2.0;37.45;4.35;50.48;19.35
2.0;1.0;19.0;10.0;8.0;2.0;18.0;0.0;16.0;2.0;2.0;0.0;4.0;2.0;0.0;9.0;6.0;2.0;35.0;4.28;49.92;19.4
2.0;1.0;19.0;10.0;8.0;2.0;18.0;0.0;16.0;2.0;2.0;0.0;4.0;2.0;0.0;9.0;6.0;2.0;41.57;4.34;50.32;19.63
2.0;1.0;19.0;10.0;8.0;2.0;18.0;0.0;16.0;2.0;2.0;0.0;4.0;2.0;0.0;9.0;6.0;2.0;27.48;3.95;51.2;19.01
0.0;0.0;21.0;11.0;11.0;0.0;10.0;0.0;9.0;3.0;3.0;0.0;6.0;6.0;0.0;11.0;6.0;0.0;26.27;4.4;48.4;18.6
0.0;0.0;21.0;11.0;11.0;0.0;10.0;0.0;9.0;3.0;3.0;0.0;6.0;6.0;0.0;11.0;6.0;0.0;32.7;4.9;48.6;18.8
0.0;1.0;21.0;11.0;11.0;0.0;17.0;0.0;14.0;1.0;1.0;0.0;6.0;4.0;0.0;12.0;8.0;0.0;28.6;4.3;50.9;17.7
0.0;1.0;21.0;11.0;11.0;0.0;17.0;0.0;14.0;1.0;1.0;0.0;6.0;4.0;0.0;12.0;8.0;0.0;30.12;4.4;49.8;18.3
2.0;0.0;32.0;10.0;9.0;1.0;4.0;0.0;4.0;4.0;4.0;0.0;8.0;1.0;0.0;19.0;8.0;1.0;25.57;4.7;50.2;20.9
2.0;0.0;32.0;10.0;9.0;1.0;4.0;0.0;4.0;4.0;4.0;0.0;8.0;1.0;0.0;19.0;8.0;1.0;21.13;4.6;49.3;21.3
2.0;1.0;32.0;10.0;9.0;1.0;4.0;0.0;4.0;4.0;4.0;0.0;9.0;1.0;0.0;19.0;8.0;1.0;23.03;4.1;49.5;21.9
2.0;0.0;24.0;6.0;5.0;1.0;8.0;0.0;7.0;3.0;3.0;0.0;6.0;2.0;0.0;14.0;3.0;1.0;34.87;4.8;46.5;14.4
2.0;0.0;24.0;6.0;5.0;1.0;8.0;0.0;7.0;3.0;3.0;0.0;6.0;2.0;0.0;14.0;3.0;1.0;32.86;4.7;46.5;14.2
2.0;1.0;25.0;6.0;5.0;1.0;8.0;0.0;7.0;3.0;3.0;0.0;6.0;2.0;0.0;14.0;3.0;1.0;36.69;4.3;47.0;14.1
2.0;1.0;25.0;6.0;5.0;1.0;8.0;0.0;7.0;3.0;3.0;0.0;6.0;2.0;0.0;14.0;3.0;1.0;38.21;4.5;47.2;14.0
2.0;0.0;20.0;9.0;8.0;1.0;6.0;1.0;6.0;2.0;2.0;0.0;8.0;1.0;0.0;6.0;6.0;1.0;30.74;5.07;49.6;17.7
2.0;0.0;20.0;9.0;8.0;1.0;6.0;1.0;6.0;2.0;2.0;0.0;8.0;1.0;0.0;6.0;6.0;1.0;28.73;5.13;47.7;19.2
2.0;0.0;20.0;9.0;8.0;1.0;6.0;1.0;6.0;2.0;2.0;0.0;8.0;1.0;0.0;6.0;6.0;1.0;34.6;4.9;48.9;18.5
2.0;0.0;20.0;9.0;8.0;1.0;6.0;1.0;6.0;2.0;2.0;0.0;8.0;1.0;0.0;6.0;6.0;1.0;37.08;5.22;49.4;18.9
2.0;0.0;20.0;9.0;8.0;1.0;6.0;1.0;6.0;2.0;2.0;0.0;8.0;1.0;0.0;6.0;6.0;1.0;28.26;4.89;50.6;17.2
2.0;0.0;20.0;9.0;8.0;1.0;6.0;1.0;6.0;2.0;2.0;0.0;8.0;1.0;0.0;6.0;6.0;1.0;28.58;5.34;49.5;18.2
2.0;1.0;20.0;9.0;8.0;1.0;8.0;1.0;6.0;2.0;2.0;0.0;6.0;1.0;0.0;7.0;6.0;1.0;30.35;4.39;52.0;17.8
2.0;1.0;20.0;9.0;8.0;1.0;8.0;1.0;6.0;2.0;2.0;0.0;6.0;1.0;0.0;7.0;6.0;1.0;35.39;4.54;51.2;17.5
2.0;1.0;20.0;9.0;8.0;1.0;8.0;1.0;6.0;2.0;2.0;0.0;6.0;1.0;0.0;7.0;6.0;1.0;30.96;4.65;52.3;17.4
1.0;0.0;28.0;25.0;21.0;4.0;4.0;1.0;4.0;10.0;9.0;1.0;8.0;6.0;0.0;6.0;15.0;4.0;31.26;4.19;49.19;18.32
1.0;0.0;28.0;25.0;21.0;4.0;4.0;1.0;4.0;10.0;9.0;1.0;8.0;6.0;0.0;6.0;15.0;4.0;34.05;4.1;50.17;17.56
1.0;1.0;28.0;25.0;21.0;4.0;4.0;1.0;4.0;9.0;9.0;0.0;9.0;5.0;0.0;7.0;15.0;4.0;24.03;4.09;49.87;18.81
1.0;1.0;28.0;25.0;21.0;4.0;4.0;1.0;4.0;9.0;9.0;0.0;9.0;5.0;0.0;7.0;15.0;4.0;27.57;4.27;49.83;19.25
2.0;0.0;23.0;14.0;11.0;3.0;5.0;0.0;5.0;1.0;1.0;0.0;9.0;3.0;1.0;13.0;8.0;2.0;40.69;5.2;48.7;19.8
2.0;0.0;23.0;14.0;11.0;3.0;5.0;0.0;5.0;1.0;1.0;0.0;9.0;3.0;1.0;13.0;8.0;2.0;44.24;5.2;50.6;18.8
2.0;1.0;25.0;14.0;11.0;3.0;5.0;0.0;5.0;1.0;1.0;0.0;8.0;2.0;1.0;14.0;9.0;2.0;36.79;4.6;50.1;19.1
2.0;1.0;25.0;14.0;11.0;3.0;5.0;0.0;5.0;1.0;1.0;0.0;8.0;2.0;1.0;14.0;9.0;2.0;38.95;4.6;51.5;18.1
2.0;0.0;20.0;21.0;17.0;4.0;4.0;0.0;4.0;1.0;1.0;0.0;7.0;4.0;1.0;10.0;13.0;3.0;35.16;4.7;46.2;14.0
2.0;1.0;20.0;21.0;17.0;4.0;4.0;0.0;4.0;1.0;1.0;0.0;7.0;4.0;1.0;10.0;13.0;3.0;35.45;4.1;47.2;14.3
0.0;0.0;29.0;24.0;18.0;6.0;2.0;0.0;2.0;5.0;4.0;1.0;13.0;3.0;1.0;8.0;14.0;5.0;36.5;4.65;49.32;18.35
0.0;0.0;29.0;24.0;18.0;6.0;2.0;0.0;2.0;5.0;4.0;1.0;13.0;3.0;1.0;8.0;14.0;5.0;39.07;4.6;49.91;18.17
0.0;1.0;29.0;24.0;18.0;6.0;2.0;0.0;2.0;5.0;4.0;1.0;13.0;3.0;1.0;8.0;14.0;5.0;37.36;4.15;48.91;19.75
0.0;1.0;29.0;24.0;18.0;6.0;2.0;0.0;2.0;5.0;4.0;1.0;13.0;3.0;1.0;8.0;14.0;5.0;39.67;4.16;49.03;19.25
2.0;0.0;24.0;3.0;3.0;0.0;19.0;0.0;18.0;6.0;6.0;0.0;8.0;1.0;0.0;11.0;2.0;0.0;33.11;4.88;47.1;20.8
2.0;0.0;24.0;3.0;3.0;0.0;19.0;0.0;18.0;6.0;6.0;0.0;8.0;1.0;0.0;11.0;2.0;0.0;35.66;4.78;47.6;20.4
2.0;0.0;24.0;3.0;3.0;0.0;19.0;0.0;18.0;6.0;6.0;0.0;8.0;1.0;0.0;11.0;2.0;0.0;30.48;4.94;48.0;20.5
2.0;0.0;24.0;3.0;3.0;0.0;19.0;0.0;18.0;6.0;6.0;0.0;8.0;1.0;0.0;11.0;2.0;0.0;38.45;4.73;48.6;19.9
2.0;0.0;24.0;3.0;3.0;0.0;19.0;0.0;18.0;6.0;6.0;0.0;8.0;1.0;0.0;11.0;2.0;0.0;34.79;4.9;47.2;19.7
2.0;0.0;24.0;3.0;3.0;0.0;19.0;0.0;18.0;6.0;6.0;0.0;8.0;1.0;0.0;11.0;2.0;0.0;34.15;4.74;48.7;18.5
2.0;0.0;24.0;3.0;3.0;0.0;19.0;0.0;18.0;6.0;6.0;0.0;8.0;1.0;0.0;11.0;2.0;0.0;32.99;4.64;47.5;20.4
2.0;0.0;24.0;3.0;3.0;0.0;19.0;0.0;18.0;6.0;6.0;0.0;8.0;1.0;0.0;11.0;2.0;0.0;28.32;4.73;46.4;21.0
2.0;1.0;24.0;3.0;3.0;0.0;26.0;0.0;18.0;4.0;4.0;0.0;9.0;1.0;0.0;11.0;2.0;0.0;30.52;4.27;50.3;19.1
2.0;1.0;24.0;3.0;3.0;0.0;26.0;0.0;18.0;4.0;4.0;0.0;9.0;1.0;0.0;11.0;2.0;0.0;29.27;4.11;50.2;19.4
2.0;1.0;24.0;3.0;3.0;0.0;26.0;0.0;18.0;4.0;4.0;0.0;9.0;1.0;0.0;11.0;2.0;0.0;31.48;4.11;50.5;18.5
2.0;1.0;24.0;3.0;3.0;0.0;26.0;0.0;18.0;4.0;4.0;0.0;9.0;1.0;0.0;11.0;2.0;0.0;34.09;4.02;49.7;19.2
2.0;1.0;24.0;3.0;3.0;0.0;26.0;0.0;18.0;4.0;4.0;0.0;9.0;1.0;0.0;11.0;2.0;0.0;32.89;3.93;49.8;19.0
2.0;1.0;24.0;3.0;3.0;0.0;26.0;0.0;18.0;4.0;4.0;0.0;9.0;1.0;0.0;11.0;2.0;0.0;33.04;4.24;50.5;18.8
2.0;1.0;24.0;3.0;3.0;0.0;26.0;0.0;18.0;4.0;4.0;0.0;9.0;1.0;0.0;11.0;2.0;0.0;33.55;4.25;49.6;19.0
2.0;1.0;24.0;3.0;3.0;0.0;26.0;0.0;18.0;4.0;4.0;0.0;9.0;1.0;0.0;11.0;2.0;0.0;30.52;4.42;49.2;19.3
2.0;1.0;24.0;3.0;3.0;0.0;26.0;0.0;18.0;4.0;4.0;0.0;9.0;1.0;0.0;11.0;2.0;0.0;32.23;4.15;50.1;17.7
2.0;1.0;24.0;3.0;3.0;0.0;26.0;0.0;18.0;4.0;4.0;0.0;9.0;1.0;0.0;11.0;2.0;0.0;31.06;4.17;50.2;18.9
