11366.426424503326 seconds
31 -> 1 4 11 12 14 15 21 30 
32 30 -> 11 12 15 19 21 22 29 31 
29 30 -> 1 4 11 12 14 15 19 21 22 31 
32 28 -> 3 5 6 7 8 21 22 26 27 
28 30 -> 3 5 6 7 24 26 27 31 
28 29 -> 5 6 7 26 27 
27 -> 28 
27 28 -> 5 6 7 24 26 
26 -> 24 27 28 6 
25 -> 9 
24 -> 27 
30 23 -> 19 31 
32 29 23 -> 19 21 22 30 
22 -> 1 15 31 
21 -> 1 3 6 11 22 
32 20 -> 19 
19 -> 1 3 4 14 15 21 22 31 
18 30 -> 31 
18 23 -> 8 
18 20 29 -> 19 
18 20 28 -> 3 5 7 8 19 26 27 
32 17 -> 16 
17 23 -> 16 
16 -> 17 
16 17 30 -> 31 
16 17 32 29 -> 30 
16 17 28 -> 5 6 7 24 26 27 
16 17 32 23 -> 19 21 22 
16 17 20 29 -> 19 
16 17 20 23 -> 19 
16 17 18 20 -> 19 
15 -> 1 12 21 
14 -> 1 11 22 15 
13 -> 6 
12 -> 1 11 14 19 21 22 
11 -> 1 19 22 15 
10 -> 9 
32 9 -> 10 11 12 21 22 25 
9 30 -> 25 10 31 
9 28 -> 5 6 7 8 10 13 24 25 26 27 
9 23 -> 3 5 8 10 13 25 
9 20 -> 25 10 19 4 
9 17 -> 16 25 10 
18 9 10 29 25 -> 0 1 32 3 4 8 11 12 13 14 15 19 21 22 30 31 
16 17 9 10 25 -> 0 1 32 3 4 8 11 12 13 14 15 19 21 22 31 
8 -> 5 3 13 
7 -> 5 24 26 27 28 
6 -> 1 27 22 
5 -> 1 3 6 13 26 27 28 
4 -> 3 14 15 
3 -> 1 13 6 22 
2 30 -> 31 
2 28 -> 26 27 5 7 
2 20 29 -> 19 
2 20 23 -> 19 
16 17 2 32 -> 31 
16 17 2 20 -> 19 
2 9 10 29 25 -> 0 1 32 3 4 8 11 12 13 14 15 19 21 22 30 31 
18 9 2 10 -> 0 1 32 3 8 11 12 14 15 19 21 22 25 31 
32 1 -> 3 5 6 11 12 14 15 19 21 22 31 
16 1 17 -> 3 5 6 11 12 14 15 19 21 22 31 
0 32 -> 11 12 21 22 
0 30 -> 11 12 31 
0 29 -> 11 12 
0 28 -> 3 5 6 7 13 26 27 
0 18 -> 8 
0 16 20 17 -> 19 
0 9 -> 8 10 11 12 13 25 
0 1 -> 3 5 6 11 12 14 15 19 21 22 31 
0 1 3 4 5 6 7 11 12 13 14 15 19 21 22 24 26 27 28 30 31 -> 32 2 8 9 10 16 17 18 20 23 25 29 
