31
40,34,6,4,2,3,10,10,0,0,3,14,13,1,1,0,10,8,2,2,0,7,4,3,1,2,40.4,95386,4.23,51.4,16.4
40,34,6,4,2,3,10,10,0,0,3,14,13,1,1,0,10,8,2,2,0,7,4,3,1,2,37.8,84953,4.45,50.8,17.9
40,34,6,4,2,3,10,10,0,0,3,14,13,1,1,0,10,8,2,2,0,7,4,3,1,2,41,92816,4.42,51.1,17.7
40,34,6,4,2,3,7,7,0,0,3,15,14,1,1,0,12,10,2,2,0,8,5,3,1,2,55.1,140813,3.91,51.8,17.1
40,34,6,4,2,3,7,7,0,0,3,15,14,1,1,0,12,10,2,2,0,8,5,3,1,2,39.1,96437,4.05,52.1,16.7
40,34,6,4,2,3,7,7,0,0,3,15,14,1,1,0,12,10,2,2,0,8,5,3,1,2,43.4,101070,4.29,51.7,17.4
51,34,17,16,1,3,8,4,4,4,2,16,16,0,0,1,19,8,11,10,1,10,7,3,2,1,25.6,84213,3.04,42.29,23.54
51,34,17,16,1,3,8,4,4,4,2,16,16,0,0,1,19,8,11,10,1,10,7,3,2,1,27,93070,2.9,41.79,23.83
51,34,17,16,1,3,8,4,4,4,2,16,16,0,0,1,19,8,11,10,1,10,7,3,2,1,28.5,113687,2.51,40.64,24.6
51,34,17,16,1,3,8,4,4,4,2,16,16,0,0,1,19,8,11,10,1,10,7,3,2,1,26.4,87849,3,41.96,23.17
51,34,17,16,1,3,8,4,4,4,2,16,16,0,0,1,19,8,11,10,1,10,7,3,2,1,28.1,97586,2.87,42.01,22.94
51,34,17,16,1,3,8,4,4,4,2,16,16,0,0,1,19,8,11,10,1,10,7,3,2,1,25.3,83573,3.03,42.77,22.99
51,34,17,16,1,5,7,3,4,4,3,15,15,0,0,2,19,10,9,9,0,12,7,5,4,1,29.3,104919,2.79,43.5,22.69
51,34,17,16,1,5,7,3,4,4,3,15,15,0,0,2,19,10,9,9,0,12,7,5,4,1,31.2,108616,2.87,42.27,24.07
51,34,17,16,1,5,7,3,4,4,3,15,15,0,0,2,19,10,9,9,0,12,7,5,4,1,34.1,123339,2.77,44.15,22.04
51,34,17,16,1,5,7,3,4,4,3,15,15,0,0,2,19,10,9,9,0,12,7,5,4,1,26.2,100106,2.61,41.43,25.23
51,34,17,16,1,5,7,3,4,4,3,15,15,0,0,2,19,10,9,9,0,12,7,5,4,1,33.8,126098,2.68,44.05,22.07
51,34,17,16,1,5,7,3,4,4,3,15,15,0,0,2,19,10,9,9,0,12,7,5,4,1,34.9,131367,2.66,43.34,21.99
23,19,4,4,0,16,1,1,0,0,16,5,4,1,1,0,10,8,2,2,0,10,8,2,2,0,31.22,67847.45,4.6,46.91,21.4
23,19,4,4,0,16,1,1,0,0,16,5,4,1,1,0,10,8,2,2,0,10,8,2,2,0,34.98,69128.9,5.06,46.64,21.31
23,19,4,4,0,16,1,1,0,0,16,5,4,1,1,0,10,8,2,2,0,10,8,2,2,0,32.34,68153.56,4.75,46.26,21.62
23,19,4,4,0,16,1,1,0,0,16,5,4,1,1,0,10,8,2,2,0,10,8,2,2,0,26.94,55531.4,4.85,44.89,22.08
23,19,4,4,0,16,1,1,0,0,16,5,4,1,1,0,10,8,2,2,0,10,8,2,2,0,31.6,64856.41,4.87,45.55,21.7
23,19,4,4,0,16,1,1,0,0,16,5,4,1,1,0,10,8,2,2,0,10,8,2,2,0,25.16,56952.76,4.42,44.79,21.71
23,19,4,4,0,16,1,1,0,0,16,5,4,1,1,0,10,8,2,2,0,10,8,2,2,0,28.35,58876.61,4.82,45.17,22.84
23,19,4,4,0,16,1,1,0,0,16,5,4,1,1,0,10,8,2,2,0,10,8,2,2,0,31.91,69399.33,4.6,45.01,22.43
23,19,4,4,0,16,1,1,0,0,16,5,4,1,1,0,10,8,2,2,0,10,8,2,2,0,26.28,55541.4,4.73,44.91,22.84
23,19,4,4,0,16,1,1,0,0,16,5,4,1,1,0,10,8,2,2,0,10,8,2,2,0,32.78,76421.28,4.29,42.71,23.17
23,19,4,4,0,16,1,1,0,0,16,5,4,1,1,0,10,8,2,2,0,10,8,2,2,0,32.83,70234.5,4.67,44.34,23.07
23,19,4,4,0,16,1,1,0,0,16,5,4,1,1,0,10,8,2,2,0,10,8,2,2,0,26.26,59359.76,4.42,42.8,24.25
28,24,4,4,0,18,5,5,0,0,18,2,2,0,0,0,11,9,2,2,0,10,8,2,2,0,40.12,95067.14,4.22,47.16,21.71
28,24,4,4,0,18,5,5,0,0,18,2,2,0,0,0,11,9,2,2,0,10,8,2,2,0,43.02,96205.64,4.47,49.68,20.15
28,24,4,4,0,18,5,5,0,0,18,2,2,0,0,0,11,9,2,2,0,10,8,2,2,0,39.58,90141.78,4.39,49.54,20.64
28,24,4,4,0,18,5,5,0,0,18,2,2,0,0,0,11,9,2,2,0,10,8,2,2,0,33.35,76851.13,4.34,47.63,22.12
28,24,4,4,0,18,5,5,0,0,18,2,2,0,0,0,11,9,2,2,0,10,8,2,2,0,34.62,81840.22,4.23,49.15,20.31
28,24,4,4,0,18,5,5,0,0,18,2,2,0,0,0,11,9,2,2,0,10,8,2,2,0,33.99,74565.74,4.56,49.76,20.01
28,24,4,4,0,18,5,5,0,0,18,2,2,0,0,0,11,9,2,2,0,10,8,2,2,0,34.46,81925.19,4.21,47.86,21.82
28,24,4,4,0,18,5,5,0,0,18,2,2,0,0,0,11,9,2,2,0,10,8,2,2,0,29.27,66568.32,4.4,46.68,22.48
28,24,4,4,0,18,5,5,0,0,18,2,2,0,0,0,11,9,2,2,0,10,8,2,2,0,45.16,103089.87,4.38,47.93,21.25
28,24,4,4,0,18,5,5,0,0,18,2,2,0,0,0,11,9,2,2,0,10,8,2,2,0,35.49,83178.84,4.27,47.97,21.29
28,24,4,4,0,18,5,5,0,0,18,2,2,0,0,0,11,9,2,2,0,10,8,2,2,0,35.33,84373.37,4.19,46.82,22.74
28,24,4,4,0,18,5,5,0,0,18,2,2,0,0,0,11,9,2,2,0,10,8,2,2,0,32.9,63619.97,5.17,46.11,22.82
29,19,10,8,2,8,6,6,0,0,7,1,1,0,0,1,8,6,2,2,0,16,8,8,6,2,29.17,55434.18,5.26,49.23,18.5
29,19,10,8,2,8,6,6,0,0,7,1,1,0,0,1,8,6,2,2,0,16,8,8,6,2,31.46,58085.01,5.42,47.23,20.01
29,19,10,8,2,8,6,6,0,0,7,1,1,0,0,1,8,6,2,2,0,16,8,8,6,2,33.99,63651.76,5.34,47.71,20.52
29,19,10,8,2,8,6,6,0,0,7,1,1,0,0,1,8,6,2,2,0,16,8,8,6,2,31.92,57438.91,5.56,48.38,19.29
29,19,10,8,2,8,6,6,0,0,7,1,1,0,0,1,8,6,2,2,0,16,8,8,6,2,33.92,63201.48,5.37,48.82,19.33
29,19,10,8,2,8,6,6,0,0,7,1,1,0,0,1,8,6,2,2,0,16,8,8,6,2,32.65,60579.25,5.39,47.15,19.83
29,19,10,8,2,8,6,6,0,0,7,1,1,0,0,1,8,6,2,2,0,16,8,8,6,2,30.84,62286.49,4.95,48.06,18.87
29,19,10,8,2,8,6,6,0,0,7,1,1,0,0,1,8,6,2,2,0,16,8,8,6,2,34.1,64338.34,5.3,48.08,19.62
29,19,10,8,2,8,6,6,0,0,7,1,1,0,0,1,8,6,2,2,0,16,8,8,6,2,33.46,62343.64,5.37,47.06,20.88
29,19,10,8,2,8,6,6,0,0,7,1,1,0,0,1,8,6,2,2,0,16,8,8,6,2,29.84,55241.58,5.4,46.65,20.69
29,19,10,8,2,8,6,6,0,0,7,1,1,0,0,1,8,6,2,2,0,16,8,8,6,2,33.34,62237.66,5.36,48.55,19.38
29,19,10,8,2,8,6,6,0,0,7,1,1,0,0,1,8,6,2,2,0,16,8,8,6,2,30.86,67559.34,4.57,49.72,18.35
29,19,10,8,2,18,4,4,0,0,16,2,2,0,0,2,6,4,2,2,0,17,9,8,6,2,36.71,86886.53,4.23,50.53,18.39
29,19,10,8,2,18,4,4,0,0,16,2,2,0,0,2,6,4,2,2,0,17,9,8,6,2,33.88,79019.61,4.29,51.39,18.55
29,19,10,8,2,18,4,4,0,0,16,2,2,0,0,2,6,4,2,2,0,17,9,8,6,2,33.51,76857.78,4.36,50.8,18.5
29,19,10,8,2,18,4,4,0,0,16,2,2,0,0,2,6,4,2,2,0,17,9,8,6,2,35.49,80474.21,4.41,50.53,19.09
29,19,10,8,2,18,4,4,0,0,16,2,2,0,0,2,6,4,2,2,0,17,9,8,6,2,31,68382.61,4.53,48.66,20.84
29,19,10,8,2,18,4,4,0,0,16,2,2,0,0,2,6,4,2,2,0,17,9,8,6,2,36.67,82853.57,4.43,50.58,18.64
29,19,10,8,2,18,4,4,0,0,16,2,2,0,0,2,6,4,2,2,0,17,9,8,6,2,37.88,87149.48,4.35,50.6,19.05
29,19,10,8,2,18,4,4,0,0,16,2,2,0,0,2,6,4,2,2,0,17,9,8,6,2,35.22,83195.95,4.23,50.19,18.53
29,19,10,8,2,18,4,4,0,0,16,2,2,0,0,2,6,4,2,2,0,17,9,8,6,2,37.45,86172.67,4.35,50.48,19.35
29,19,10,8,2,18,4,4,0,0,16,2,2,0,0,2,6,4,2,2,0,17,9,8,6,2,35,81681.59,4.28,49.92,19.4
29,19,10,8,2,18,4,4,0,0,16,2,2,0,0,2,6,4,2,2,0,17,9,8,6,2,41.57,95678.69,4.34,50.32,19.63
29,19,10,8,2,18,4,4,0,0,16,2,2,0,0,2,6,4,2,2,0,17,9,8,6,2,27.48,69542.15,3.95,51.2,19.01
32,21,11,11,0,10,2,2,0,0,9,3,3,0,0,1,12,6,6,6,0,17,11,6,6,0,26.27,59702,4.4,48.4,18.6
32,21,11,11,0,10,2,2,0,0,9,3,3,0,0,1,12,6,6,6,0,17,11,6,6,0,32.7,66736,4.9,48.6,18.8
32,21,11,11,0,17,2,2,0,0,14,1,1,0,0,4,10,6,4,4,0,20,12,8,8,0,28.6,66511,4.3,50.9,17.7
32,21,11,11,0,17,2,2,0,0,14,1,1,0,0,4,10,6,4,4,0,20,12,8,8,0,30.12,68452,4.4,49.8,18.3
42,32,10,9,1,4,1,1,0,0,4,4,4,0,0,0,9,8,1,1,0,28,19,9,8,1,25.57,54414,4.7,50.2,20.9
42,32,10,9,1,4,1,1,0,0,4,4,4,0,0,0,9,8,1,1,0,28,19,9,8,1,21.13,45935,4.6,49.3,21.3
42,32,10,9,1,4,1,1,0,0,4,4,4,0,0,0,10,9,1,1,0,28,19,9,8,1,23.03,56178,4.1,49.5,21.9
30,24,6,5,1,8,1,1,0,0,7,3,3,0,0,1,8,6,2,2,0,18,14,4,3,1,34.87,72656,4.8,46.5,14.4
30,24,6,5,1,8,1,1,0,0,7,3,3,0,0,1,8,6,2,2,0,18,14,4,3,1,32.86,69911,4.7,46.5,14.2
31,25,6,5,1,8,2,2,0,0,7,3,3,0,0,1,8,6,2,2,0,18,14,4,3,1,36.69,85328,4.3,47,14.1
31,25,6,5,1,8,2,2,0,0,7,3,3,0,0,1,8,6,2,2,0,18,14,4,3,1,38.21,84917,4.5,47.2,14
29,20,9,8,1,6,6,5,1,1,6,2,2,0,0,0,9,8,1,1,0,13,6,7,6,1,30.74,60637.66,5.07,49.6,17.7
29,20,9,8,1,6,6,5,1,1,6,2,2,0,0,0,9,8,1,1,0,13,6,7,6,1,28.73,55979.77,5.13,47.7,19.2
29,20,9,8,1,6,6,5,1,1,6,2,2,0,0,0,9,8,1,1,0,13,6,7,6,1,34.6,70585.9,4.9,48.9,18.5
29,20,9,8,1,6,6,5,1,1,6,2,2,0,0,0,9,8,1,1,0,13,6,7,6,1,37.08,71039.16,5.22,49.4,18.9
29,20,9,8,1,6,6,5,1,1,6,2,2,0,0,0,9,8,1,1,0,13,6,7,6,1,28.26,57781.11,4.89,50.6,17.2
29,20,9,8,1,6,6,5,1,1,6,2,2,0,0,0,9,8,1,1,0,13,6,7,6,1,28.58,53466.33,5.34,49.5,18.2
29,20,9,8,1,8,6,5,1,1,6,2,2,0,0,2,7,6,1,1,0,14,7,7,6,1,30.35,69210.51,4.39,52,17.8
29,20,9,8,1,8,6,5,1,1,6,2,2,0,0,2,7,6,1,1,0,14,7,7,6,1,35.39,77977.39,4.54,51.2,17.5
29,20,9,8,1,8,6,5,1,1,6,2,2,0,0,2,7,6,1,1,0,14,7,7,6,1,30.96,66562.99,4.65,52.3,17.4
53,28,25,21,4,4,7,6,1,1,4,10,9,1,1,0,14,8,6,6,0,25,6,19,15,4,31.26,74600.18,4.19,49.19,18.32
53,28,25,21,4,4,7,6,1,1,4,10,9,1,1,0,14,8,6,6,0,25,6,19,15,4,34.05,83053.58,4.1,50.17,17.56
53,28,25,21,4,4,6,5,1,1,4,9,9,0,0,0,14,9,5,5,0,26,7,19,15,4,24.03,58745.34,4.09,49.87,18.81
53,28,25,21,4,4,6,5,1,1,4,9,9,0,0,0,14,9,5,5,0,26,7,19,15,4,27.57,64569.51,4.27,49.83,19.25
37,23,14,11,3,5,2,2,0,0,5,1,1,0,0,0,13,9,4,3,1,23,13,10,8,2,40.69,78252.76,5.2,48.7,19.8
37,23,14,11,3,5,2,2,0,0,5,1,1,0,0,0,13,9,4,3,1,23,13,10,8,2,44.24,85069.44,5.2,50.6,18.8
39,25,14,11,3,5,3,3,0,0,5,1,1,0,0,0,11,8,3,2,1,25,14,11,9,2,36.79,79974.15,4.6,50.1,19.1
39,25,14,11,3,5,3,3,0,0,5,1,1,0,0,0,11,8,3,2,1,25,14,11,9,2,38.95,84674.43,4.6,51.5,18.1
41,20,21,17,4,4,3,3,0,0,4,1,1,0,0,0,12,7,5,4,1,26,10,16,13,3,35.16,74813.62,4.7,46.2,14
41,20,21,17,4,4,3,3,0,0,4,1,1,0,0,0,12,7,5,4,1,26,10,16,13,3,35.45,86463.44,4.1,47.2,14.3
53,29,24,18,6,2,5,5,0,0,2,5,4,1,1,0,17,13,4,3,1,27,8,19,14,5,36.5,78502.23,4.65,49.32,18.35
53,29,24,18,6,2,5,5,0,0,2,5,4,1,1,0,17,13,4,3,1,27,8,19,14,5,39.07,84931.77,4.6,49.91,18.17
53,29,24,18,6,2,5,5,0,0,2,5,4,1,1,0,17,13,4,3,1,27,8,19,14,5,37.36,90023.48,4.15,48.91,19.75
53,29,24,18,6,2,5,5,0,0,2,5,4,1,1,0,17,13,4,3,1,27,8,19,14,5,39.67,95356.6,4.16,49.03,19.25
27,24,3,3,0,19,2,2,0,0,18,6,6,0,0,1,9,8,1,1,0,13,11,2,2,0,33.11,67852.55,4.88,47.1,20.8
27,24,3,3,0,19,2,2,0,0,18,6,6,0,0,1,9,8,1,1,0,13,11,2,2,0,35.66,74655.25,4.78,47.6,20.4
27,24,3,3,0,19,2,2,0,0,18,6,6,0,0,1,9,8,1,1,0,13,11,2,2,0,30.48,61721.68,4.94,48,20.5
27,24,3,3,0,19,2,2,0,0,18,6,6,0,0,1,9,8,1,1,0,13,11,2,2,0,38.45,81242.21,4.73,48.6,19.9
27,24,3,3,0,19,2,2,0,0,18,6,6,0,0,1,9,8,1,1,0,13,11,2,2,0,34.79,70960.7,4.9,47.2,19.7
27,24,3,3,0,19,2,2,0,0,18,6,6,0,0,1,9,8,1,1,0,13,11,2,2,0,34.15,72108.91,4.74,48.7,18.5
27,24,3,3,0,19,2,2,0,0,18,6,6,0,0,1,9,8,1,1,0,13,11,2,2,0,32.99,71166.68,4.64,47.5,20.4
27,24,3,3,0,19,2,2,0,0,18,6,6,0,0,1,9,8,1,1,0,13,11,2,2,0,28.32,59897.04,4.73,46.4,21
27,24,3,3,0,26,0,0,0,0,18,4,4,0,0,9,10,9,1,1,0,13,11,2,2,0,30.52,71520.42,4.27,50.3,19.1
27,24,3,3,0,26,0,0,0,0,18,4,4,0,0,9,10,9,1,1,0,13,11,2,2,0,29.27,71174.4,4.11,50.2,19.4
27,24,3,3,0,26,0,0,0,0,18,4,4,0,0,9,10,9,1,1,0,13,11,2,2,0,31.48,76574.4,4.11,50.5,18.5
27,24,3,3,0,26,0,0,0,0,18,4,4,0,0,9,10,9,1,1,0,13,11,2,2,0,34.09,84833.26,4.02,49.7,19.2
27,24,3,3,0,26,0,0,0,0,18,4,4,0,0,9,10,9,1,1,0,13,11,2,2,0,32.89,83686.27,3.93,49.8,19
27,24,3,3,0,26,0,0,0,0,18,4,4,0,0,9,10,9,1,1,0,13,11,2,2,0,33.04,77906.26,4.24,50.5,18.8
27,24,3,3,0,26,0,0,0,0,18,4,4,0,0,9,10,9,1,1,0,13,11,2,2,0,33.55,78856.7,4.25,49.6,19
27,24,3,3,0,26,0,0,0,0,18,4,4,0,0,9,10,9,1,1,0,13,11,2,2,0,30.52,69037.1,4.42,49.2,19.3
27,24,3,3,0,26,0,0,0,0,18,4,4,0,0,9,10,9,1,1,0,13,11,2,2,0,32.23,77660.05,4.15,50.1,17.7
27,24,3,3,0,26,0,0,0,0,18,4,4,0,0,9,10,9,1,1,0,13,11,2,2,0,31.06,74427.24,4.17,50.2,18.9
