,climate,genotype,Ptot_25,Ptot_30,P300_25,P600_25,P1000_25,P1000_30,harvest_25,harvest_30,seed_yield,seed_nb,PMG,lipids,proteins
1,2,0,6.0,2.0,0.0,1.0,2.0,0.0,3.0,2.0,40.4,95386.0,4.23,51.4,16.4
2,2,0,6.0,2.0,0.0,1.0,2.0,0.0,3.0,2.0,37.8,84953.0,4.45,50.8,17.9
3,2,0,6.0,2.0,0.0,1.0,2.0,0.0,3.0,2.0,41.0,92816.0,4.42,51.1,17.7
4,2,1,6.0,2.0,0.0,1.0,2.0,0.0,3.0,2.0,55.1,140813.0,3.91,51.8,17.1
5,2,1,6.0,2.0,0.0,1.0,2.0,0.0,3.0,2.0,39.1,96437.0,4.05,52.1,16.7
6,2,1,6.0,2.0,0.0,1.0,2.0,0.0,3.0,2.0,43.4,101070.0,4.29,51.7,17.4
7,0,0,17.0,1.0,4.0,0.0,11.0,1.0,3.0,1.0,25.6,84213.0,3.04,42.29,23.54
8,0,0,17.0,1.0,4.0,0.0,11.0,1.0,3.0,1.0,27.0,93070.0,2.9,41.79,23.83
9,0,0,17.0,1.0,4.0,0.0,11.0,1.0,3.0,1.0,28.5,113687.0,2.51,40.64,24.6
10,0,0,17.0,1.0,4.0,0.0,11.0,1.0,3.0,1.0,26.4,87849.0,3.0,41.96,23.17
11,0,0,17.0,1.0,4.0,0.0,11.0,1.0,3.0,1.0,28.1,97586.0,2.87,42.01,22.94
12,0,0,17.0,1.0,4.0,0.0,11.0,1.0,3.0,1.0,25.3,83573.0,3.03,42.77,22.99
13,0,1,17.0,1.0,4.0,0.0,9.0,0.0,5.0,1.0,29.3,104919.0,2.79,43.5,22.69
14,0,1,17.0,1.0,4.0,0.0,9.0,0.0,5.0,1.0,31.2,108616.0,2.87,42.27,24.07
15,0,1,17.0,1.0,4.0,0.0,9.0,0.0,5.0,1.0,34.1,123339.0,2.77,44.15,22.04
16,0,1,17.0,1.0,4.0,0.0,9.0,0.0,5.0,1.0,26.2,100106.0,2.61,41.43,25.23
17,0,1,17.0,1.0,4.0,0.0,9.0,0.0,5.0,1.0,33.8,126098.0,2.68,44.05,22.07
18,0,1,17.0,1.0,4.0,0.0,9.0,0.0,5.0,1.0,34.9,131367.0,2.66,43.34,21.99
19,2,0,4.0,0.0,0.0,1.0,2.0,0.0,2.0,0.0,31.22,67847.0,4.6,46.91,21.4
20,2,0,4.0,0.0,0.0,1.0,2.0,0.0,2.0,0.0,34.98,69129.0,5.06,46.64,21.31
21,2,0,4.0,0.0,0.0,1.0,2.0,0.0,2.0,0.0,32.34,68154.0,4.75,46.26,21.62
22,2,0,4.0,0.0,0.0,1.0,2.0,0.0,2.0,0.0,26.94,55531.0,4.85,44.89,22.08
23,2,0,4.0,0.0,0.0,1.0,2.0,0.0,2.0,0.0,31.6,64856.0,4.87,45.55,21.7
24,2,0,4.0,0.0,0.0,1.0,2.0,0.0,2.0,0.0,25.16,56953.0,4.42,44.79,21.71
25,2,0,4.0,0.0,0.0,1.0,2.0,0.0,2.0,0.0,28.35,58877.0,4.82,45.17,22.84
26,2,0,4.0,0.0,0.0,1.0,2.0,0.0,2.0,0.0,31.91,69399.0,4.6,45.01,22.43
27,2,0,4.0,0.0,0.0,1.0,2.0,0.0,2.0,0.0,26.28,55541.0,4.73,44.91,22.84
28,2,0,4.0,0.0,0.0,1.0,2.0,0.0,2.0,0.0,32.78,76421.0,4.29,42.71,23.17
29,2,0,4.0,0.0,0.0,1.0,2.0,0.0,2.0,0.0,32.83,70235.0,4.67,44.34,23.07
30,2,0,4.0,0.0,0.0,1.0,2.0,0.0,2.0,0.0,26.26,59360.0,4.42,42.8,24.25
31,2,1,4.0,0.0,0.0,0.0,2.0,0.0,2.0,0.0,40.12,95067.0,4.22,47.16,21.71
32,2,1,4.0,0.0,0.0,0.0,2.0,0.0,2.0,0.0,43.02,96206.0,4.47,49.68,20.15
33,2,1,4.0,0.0,0.0,0.0,2.0,0.0,2.0,0.0,39.58,90142.0,4.39,49.54,20.64
34,2,1,4.0,0.0,0.0,0.0,2.0,0.0,2.0,0.0,33.35,76851.0,4.34,47.63,22.12
35,2,1,4.0,0.0,0.0,0.0,2.0,0.0,2.0,0.0,34.62,81840.0,4.23,49.15,20.31
36,2,1,4.0,0.0,0.0,0.0,2.0,0.0,2.0,0.0,33.99,74566.0,4.56,49.76,20.01
37,2,1,4.0,0.0,0.0,0.0,2.0,0.0,2.0,0.0,34.46,81925.0,4.21,47.86,21.82
38,2,1,4.0,0.0,0.0,0.0,2.0,0.0,2.0,0.0,29.27,66568.0,4.4,46.68,22.48
39,2,1,4.0,0.0,0.0,0.0,2.0,0.0,2.0,0.0,45.16,103090.0,4.38,47.93,21.25
40,2,1,4.0,0.0,0.0,0.0,2.0,0.0,2.0,0.0,35.49,83179.0,4.27,47.97,21.29
41,2,1,4.0,0.0,0.0,0.0,2.0,0.0,2.0,0.0,35.33,84373.0,4.19,46.82,22.74
42,2,1,4.0,0.0,0.0,0.0,2.0,0.0,2.0,0.0,32.9,63620.0,5.17,46.11,22.82
43,2,0,10.0,2.0,0.0,0.0,2.0,0.0,8.0,2.0,29.17,55434.0,5.26,49.23,18.5
44,2,0,10.0,2.0,0.0,0.0,2.0,0.0,8.0,2.0,31.46,58085.0,5.42,47.23,20.01
45,2,0,10.0,2.0,0.0,0.0,2.0,0.0,8.0,2.0,33.99,63652.0,5.34,47.71,20.52
46,2,0,10.0,2.0,0.0,0.0,2.0,0.0,8.0,2.0,31.92,57439.0,5.56,48.38,19.29
47,2,0,10.0,2.0,0.0,0.0,2.0,0.0,8.0,2.0,33.92,63201.0,5.37,48.82,19.33
48,2,0,10.0,2.0,0.0,0.0,2.0,0.0,8.0,2.0,32.65,60579.0,5.39,47.15,19.83
49,2,0,10.0,2.0,0.0,0.0,2.0,0.0,8.0,2.0,30.84,62286.0,4.95,48.06,18.87
50,2,0,10.0,2.0,0.0,0.0,2.0,0.0,8.0,2.0,34.1,64338.0,5.3,48.08,19.62
51,2,0,10.0,2.0,0.0,0.0,2.0,0.0,8.0,2.0,33.46,62344.0,5.37,47.06,20.88
52,2,0,10.0,2.0,0.0,0.0,2.0,0.0,8.0,2.0,29.84,55242.0,5.4,46.65,20.69
53,2,0,10.0,2.0,0.0,0.0,2.0,0.0,8.0,2.0,33.34,62238.0,5.36,48.55,19.38
54,2,0,10.0,2.0,0.0,0.0,2.0,0.0,8.0,2.0,30.86,67559.0,4.57,49.72,18.35
55,2,1,10.0,2.0,0.0,0.0,2.0,0.0,8.0,2.0,36.71,86887.0,4.23,50.53,18.39
56,2,1,10.0,2.0,0.0,0.0,2.0,0.0,8.0,2.0,33.88,79020.0,4.29,51.39,18.55
57,2,1,10.0,2.0,0.0,0.0,2.0,0.0,8.0,2.0,33.51,76858.0,4.36,50.8,18.5
58,2,1,10.0,2.0,0.0,0.0,2.0,0.0,8.0,2.0,35.49,80474.0,4.41,50.53,19.09
59,2,1,10.0,2.0,0.0,0.0,2.0,0.0,8.0,2.0,31.0,68383.0,4.53,48.66,20.84
60,2,1,10.0,2.0,0.0,0.0,2.0,0.0,8.0,2.0,36.67,82854.0,4.43,50.58,18.64
61,2,1,10.0,2.0,0.0,0.0,2.0,0.0,8.0,2.0,37.88,87149.0,4.35,50.6,19.05
62,2,1,10.0,2.0,0.0,0.0,2.0,0.0,8.0,2.0,35.22,83196.0,4.23,50.19,18.53
63,2,1,10.0,2.0,0.0,0.0,2.0,0.0,8.0,2.0,37.45,86173.0,4.35,50.48,19.35
64,2,1,10.0,2.0,0.0,0.0,2.0,0.0,8.0,2.0,35.0,81682.0,4.28,49.92,19.4
65,2,1,10.0,2.0,0.0,0.0,2.0,0.0,8.0,2.0,41.57,95679.0,4.34,50.32,19.63
66,2,1,10.0,2.0,0.0,0.0,2.0,0.0,8.0,2.0,27.48,69542.0,3.95,51.2,19.01
67,1,0,11.0,0.0,0.0,0.0,6.0,0.0,6.0,0.0,26.27,59702.0,4.4,48.4,18.6
68,1,0,11.0,0.0,0.0,0.0,6.0,0.0,6.0,0.0,32.7,66736.0,4.9,48.6,18.8
69,1,1,11.0,0.0,0.0,0.0,4.0,0.0,8.0,0.0,28.6,66511.0,4.3,50.9,17.7
70,1,1,11.0,0.0,0.0,0.0,4.0,0.0,8.0,0.0,30.12,68452.0,4.4,49.8,18.3
71,2,0,10.0,1.0,0.0,0.0,1.0,0.0,9.0,1.0,25.57,54414.0,4.7,50.2,20.9
72,2,0,10.0,1.0,0.0,0.0,1.0,0.0,9.0,1.0,21.13,45935.0,4.6,49.3,21.3
73,2,1,10.0,1.0,0.0,0.0,1.0,0.0,9.0,1.0,23.03,56178.0,4.1,49.5,21.9
74,2,0,6.0,1.0,0.0,0.0,2.0,0.0,4.0,1.0,34.87,72656.0,4.8,46.5,14.4
75,2,0,6.0,1.0,0.0,0.0,2.0,0.0,4.0,1.0,32.86,69911.0,4.7,46.5,14.2
76,2,1,6.0,1.0,0.0,0.0,2.0,0.0,4.0,1.0,36.69,85328.0,4.3,47.0,14.1
77,2,1,6.0,1.0,0.0,0.0,2.0,0.0,4.0,1.0,38.21,84917.0,4.5,47.2,14.0
78,2,0,9.0,1.0,1.0,0.0,1.0,0.0,7.0,1.0,30.74,60638.0,5.07,49.6,17.7
79,2,0,9.0,1.0,1.0,0.0,1.0,0.0,7.0,1.0,28.73,55980.0,5.13,47.7,19.2
80,2,0,9.0,1.0,1.0,0.0,1.0,0.0,7.0,1.0,34.6,70586.0,4.9,48.9,18.5
81,2,0,9.0,1.0,1.0,0.0,1.0,0.0,7.0,1.0,37.08,71039.0,5.22,49.4,18.9
82,2,0,9.0,1.0,1.0,0.0,1.0,0.0,7.0,1.0,28.26,57781.0,4.89,50.6,17.2
83,2,0,9.0,1.0,1.0,0.0,1.0,0.0,7.0,1.0,28.58,53466.0,5.34,49.5,18.2
84,2,1,9.0,1.0,1.0,0.0,1.0,0.0,7.0,1.0,30.35,69211.0,4.39,52.0,17.8
85,2,1,9.0,1.0,1.0,0.0,1.0,0.0,7.0,1.0,35.39,77977.0,4.54,51.2,17.5
86,2,1,9.0,1.0,1.0,0.0,1.0,0.0,7.0,1.0,30.96,66563.0,4.65,52.3,17.4
87,0,0,25.0,4.0,1.0,1.0,6.0,0.0,19.0,4.0,31.26,74600.0,4.19,49.19,18.32
88,0,0,25.0,4.0,1.0,1.0,6.0,0.0,19.0,4.0,34.05,83054.0,4.1,50.17,17.56
89,0,1,25.0,4.0,1.0,0.0,5.0,0.0,19.0,4.0,24.03,58745.0,4.09,49.87,18.81
90,0,1,25.0,4.0,1.0,0.0,5.0,0.0,19.0,4.0,27.57,64570.0,4.27,49.83,19.25
91,2,0,14.0,3.0,0.0,0.0,4.0,1.0,10.0,2.0,40.69,78253.0,5.2,48.7,19.8
92,2,0,14.0,3.0,0.0,0.0,4.0,1.0,10.0,2.0,44.24,85069.0,5.2,50.6,18.8
93,2,1,14.0,3.0,0.0,0.0,3.0,1.0,11.0,2.0,36.79,79974.0,4.6,50.1,19.1
94,2,1,14.0,3.0,0.0,0.0,3.0,1.0,11.0,2.0,38.95,84674.0,4.6,51.5,18.1
95,2,0,21.0,4.0,0.0,0.0,5.0,1.0,16.0,3.0,35.16,74814.0,4.7,46.2,14.0
96,2,1,21.0,4.0,0.0,0.0,5.0,1.0,16.0,3.0,35.45,86463.0,4.1,47.2,14.3
97,1,0,24.0,6.0,0.0,1.0,4.0,1.0,19.0,5.0,36.5,78502.0,4.65,49.32,18.35
98,1,0,24.0,6.0,0.0,1.0,4.0,1.0,19.0,5.0,39.07,84932.0,4.6,49.91,18.17
99,1,1,24.0,6.0,0.0,1.0,4.0,1.0,19.0,5.0,37.36,90023.0,4.15,48.91,19.75
100,1,1,24.0,6.0,0.0,1.0,4.0,1.0,19.0,5.0,39.67,95357.0,4.16,49.03,19.25
101,2,0,3.0,0.0,0.0,0.0,1.0,0.0,2.0,0.0,33.11,67853.0,4.88,47.1,20.8
102,2,0,3.0,0.0,0.0,0.0,1.0,0.0,2.0,0.0,35.66,74655.0,4.78,47.6,20.4
103,2,0,3.0,0.0,0.0,0.0,1.0,0.0,2.0,0.0,30.48,61722.0,4.94,48.0,20.5
104,2,0,3.0,0.0,0.0,0.0,1.0,0.0,2.0,0.0,38.45,81242.0,4.73,48.6,19.9
105,2,0,3.0,0.0,0.0,0.0,1.0,0.0,2.0,0.0,34.79,70961.0,4.9,47.2,19.7
106,2,0,3.0,0.0,0.0,0.0,1.0,0.0,2.0,0.0,34.15,72109.0,4.74,48.7,18.5
107,2,0,3.0,0.0,0.0,0.0,1.0,0.0,2.0,0.0,32.99,71167.0,4.64,47.5,20.4
108,2,0,3.0,0.0,0.0,0.0,1.0,0.0,2.0,0.0,28.32,59897.0,4.73,46.4,21.0
109,2,1,3.0,0.0,0.0,0.0,1.0,0.0,2.0,0.0,30.52,71520.0,4.27,50.3,19.1
110,2,1,3.0,0.0,0.0,0.0,1.0,0.0,2.0,0.0,29.27,71174.0,4.11,50.2,19.4
111,2,1,3.0,0.0,0.0,0.0,1.0,0.0,2.0,0.0,31.48,76574.0,4.11,50.5,18.5
112,2,1,3.0,0.0,0.0,0.0,1.0,0.0,2.0,0.0,34.09,84833.0,4.02,49.7,19.2
113,2,1,3.0,0.0,0.0,0.0,1.0,0.0,2.0,0.0,32.89,83686.0,3.93,49.8,19.0
114,2,1,3.0,0.0,0.0,0.0,1.0,0.0,2.0,0.0,33.04,77906.0,4.24,50.5,18.8
115,2,1,3.0,0.0,0.0,0.0,1.0,0.0,2.0,0.0,33.55,78857.0,4.25,49.6,19.0
116,2,1,3.0,0.0,0.0,0.0,1.0,0.0,2.0,0.0,30.52,69037.0,4.42,49.2,19.3
117,2,1,3.0,0.0,0.0,0.0,1.0,0.0,2.0,0.0,32.23,77660.0,4.15,50.1,17.7
118,2,1,3.0,0.0,0.0,0.0,1.0,0.0,2.0,0.0,31.06,74427.0,4.17,50.2,18.9