2 x 9 bicluster
     Ptot_25  Ptot_30  P300_25  P600_25  P1000_25  P1000_30  harvest_25  harvest_30  lipids
162       21        2        3        1         4         0          13           2   47.84
163       21        2        3        1         4         0          13           2   47.77

8 x 4 bicluster
    P300_25  P1000_25  P1000_30   PMG
0         0         2         0  4.23
30        0         2         0  4.22
34        0         2         0  4.23
36        0         2         0  4.21
39        0         2         0  4.27
40        0         2         0  4.19
54        0         2         0  4.23
61        0         2         0  4.23

10 x 3 bicluster
     P1000_25  P1000_30   PMG
0           2         0  4.23
34          2         0  4.23
36          2         0  4.21
39          2         0  4.27
40          2         0  4.19
54          2         0  4.23
156         2         0  4.19
61          2         0  4.23
30          2         0  4.22
159         2         0  4.14

9 x 3 bicluster
     P1000_25  P1000_30   PMG
0           2         0  4.23
34          2         0  4.23
36          2         0  4.21
39          2         0  4.27
40          2         0  4.19
54          2         0  4.23
61          2         0  4.23
30          2         0  4.22
159         2         0  4.14

3 x 6 bicluster
    Ptot_30  P300_25  P1000_25  P1000_30  harvest_30   PMG
0         2        0         2         0           2  4.23
54        2        0         2         0           2  4.23
61        2        0         2         0           2  4.23

2 x 6 bicluster
    Ptot_30  P300_25  P1000_25  P1000_30  harvest_30  lipids
0         2        0         2         0           2   51.40
55        2        0         2         0           2   51.39

2 x 6 bicluster
    Ptot_30  P300_25  P1000_25  P1000_30  harvest_30   seed_nb
0         2        0         2         0           2  95386.00
64        2        0         2         0           2  95678.69

3 x 9 bicluster
   Ptot_25  Ptot_30  P300_25  P600_25  P1000_25  P1000_30  harvest_25  harvest_30   PMG
1        6        2        0        1         2         0           3           2  4.45
2        6        2        0        1         2         0           3           2  4.42
5        6        2        0        1         2         0           3           2  4.29

6 x 5 bicluster
    P300_25  P600_25  P1000_25  P1000_30   PMG
1         0        1         2         0  4.45
2         0        1         2         0  4.42
5         0        1         2         0  4.29
23        0        1         2         0  4.42
27        0        1         2         0  4.29
29        0        1         2         0  4.42

19 x 4 bicluster
    P300_25  P1000_25  P1000_30   PMG
32        0         2         0  4.39
1         0         2         0  4.45
2         0         2         0  4.42
5         0         2         0  4.29
23        0         2         0  4.42
27        0         2         0  4.29
29        0         2         0  4.42
33        0         2         0  4.34
37        0         2         0  4.40
38        0         2         0  4.38
55        0         2         0  4.29
56        0         2         0  4.36
57        0         2         0  4.41
59        0         2         0  4.43
60        0         2         0  4.35
62        0         2         0  4.35
63        0         2         0  4.28
64        0         2         0  4.34
80        0         2         0  4.30

11 x 6 bicluster
    Ptot_30  P300_25  P1000_25  P1000_30  harvest_30   PMG
1         2        0         2         0           2  4.45
2         2        0         2         0           2  4.42
5         2        0         2         0           2  4.29
55        2        0         2         0           2  4.29
56        2        0         2         0           2  4.36
57        2        0         2         0           2  4.41
59        2        0         2         0           2  4.43
60        2        0         2         0           2  4.35
62        2        0         2         0           2  4.35
63        2        0         2         0           2  4.28
64        2        0         2         0           2  4.34

4 x 5 bicluster
    Ptot_25  P300_25  P1000_25  P1000_30   PMG
80        6        0         2         0  4.30
1         6        0         2         0  4.45
2         6        0         2         0  4.42
5         6        0         2         0  4.29

2 x 7 bicluster
    Ptot_30  P300_25  P1000_25  P1000_30  harvest_30   PMG  lipids
56        2        0         2         0           2  4.36    50.8
1         2        0         2         0           2  4.45    50.8

2 x 7 bicluster
    Ptot_30  P300_25  P1000_25  P1000_30  harvest_30  seed_yield   PMG
1         2        0         2         0           2       37.80  4.45
60        2        0         2         0           2       37.88  4.35

2 x 5 bicluster
    Ptot_25  P300_25  P1000_25  P1000_30  seed_nb
81        6        0         2         0  84917.0
1         6        0         2         0  84953.0

2 x 3 bicluster
     P1000_25  P1000_30  proteins
1           2         0      17.9
154         2         0      17.8

2 x 9 bicluster
   Ptot_25  Ptot_30  P300_25  P600_25  P1000_25  P1000_30  harvest_25  harvest_30   PMG
3        6        2        0        1         2         0           3           2  3.91
4        6        2        0        1         2         0           3           2  4.05

3 x 6 bicluster
    Ptot_30  P300_25  P1000_25  P1000_30  harvest_30   PMG
65        2        0         2         0           2  3.95
3         2        0         2         0           2  3.91
4         2        0         2         0           2  4.05

5 x 3 bicluster
     P1000_25  P1000_30   PMG
65          2         0  3.95
3           2         0  3.91
4           2         0  4.05
157         2         0  4.07
158         2         0  3.94

4 x 3 bicluster
     P1000_25  P1000_30   PMG
65          2         0  3.95
3           2         0  3.91
4           2         0  4.05
158         2         0  3.94

2 x 4 bicluster
    P300_25  P1000_25  P1000_30   seed_nb
4         0         2         0  96437.00
31        0         2         0  96205.64

3 x 3 bicluster
     P1000_25  P1000_30  proteins
4           2         0      16.7
165         2         0      16.7
151         2         0      16.7

2 x 4 bicluster
     P1000_25  P1000_30  lipids  proteins
4           2         0    52.1      16.7
165         2         0    52.2      16.7

2 x 11 bicluster
   Ptot_25  Ptot_30  P300_25  P600_25  P1000_25  P1000_30  harvest_25  harvest_30   PMG  lipids  proteins
6       17        1        4        0        11         1           3           1  3.04   42.29     23.54
7       17        1        4        0        11         1           3           1  2.90   41.79     23.83

6 x 9 bicluster
    Ptot_25  Ptot_30  P300_25  P600_25  P1000_25  P1000_30  harvest_25  harvest_30   PMG
8        17        1        4        0        11         1           3           1  2.51
6        17        1        4        0        11         1           3           1  3.04
7        17        1        4        0        11         1           3           1  2.90
9        17        1        4        0        11         1           3           1  3.00
10       17        1        4        0        11         1           3           1  2.87
11       17        1        4        0        11         1           3           1  3.03

11 x 5 bicluster
    Ptot_30  P600_25  P1000_25  harvest_30   PMG
6         1        0        11           1  3.04
7         1        0        11           1  2.90
8         1        0        11           1  2.51
9         1        0        11           1  3.00
10        1        0        11           1  2.87
11        1        0        11           1  3.03
12        1        0         9           1  2.79
14        1        0         9           1  2.77
15        1        0         9           1  2.61
16        1        0         9           1  2.68
17        1        0         9           1  2.66

4 x 10 bicluster
    Ptot_25  Ptot_30  P300_25  P600_25  P1000_25  P1000_30  harvest_25  harvest_30   PMG  lipids
9        17        1        4        0        11         1           3           1  3.00   41.96
6        17        1        4        0        11         1           3           1  3.04   42.29
7        17        1        4        0        11         1           3           1  2.90   41.79
10       17        1        4        0        11         1           3           1  2.87   42.01

3 x 3 bicluster
     P600_25  P1000_25  proteins
131        0         8     17.50
6          0        11     23.54
7          0        11     23.83

2 x 11 bicluster
   Ptot_25  Ptot_30  P300_25  P600_25  P1000_25  P1000_30  harvest_25  harvest_30  seed_yield   PMG  lipids
9       17        1        4        0        11         1           3           1        26.4  3.00   41.96
6       17        1        4        0        11         1           3           1        25.6  3.04   42.29

2 x 10 bicluster
    Ptot_25  Ptot_30  P300_25  P600_25  P1000_25  P1000_30  harvest_25  harvest_30  seed_nb   PMG
11       17        1        4        0        11         1           3           1  83573.0  3.03
6        17        1        4        0        11         1           3           1  84213.0  3.04

2 x 10 bicluster
    Ptot_25  Ptot_30  P300_25  P600_25  P1000_25  P1000_30  harvest_25  harvest_30  seed_yield   PMG
8        17        1        4        0        11         1           3           1        28.5  2.51
10       17        1        4        0        11         1           3           1        28.1  2.87

2 x 3 bicluster
     P600_25  P1000_25  proteins
8          0        11      24.6
130        0         8      18.2

2 x 11 bicluster
    Ptot_25  Ptot_30  P300_25  P600_25  P1000_25  P1000_30  harvest_25  harvest_30   PMG  lipids  proteins
9        17        1        4        0        11         1           3           1  3.00   41.96     23.17
10       17        1        4        0        11         1           3           1  2.87   42.01     22.94

3 x 10 bicluster
    Ptot_25  Ptot_30  P300_25  P600_25  P1000_25  P1000_30  harvest_25  harvest_30   PMG  proteins
9        17        1        4        0        11         1           3           1  3.00     23.17
10       17        1        4        0        11         1           3           1  2.87     22.94
11       17        1        4        0        11         1           3           1  3.03     22.99

6 x 3 bicluster
     P600_25  P1000_25  proteins
129        0         8     16.40
132        0         8     16.90
133        0         8     17.00
9          0        11     23.17
10         0        11     22.94
11         0        11     22.99

5 x 3 bicluster
     P600_25  P1000_25  proteins
129        0         8     16.40
133        0         8     17.00
9          0        11     23.17
10         0        11     22.94
11         0        11     22.99

5 x 3 bicluster
     P600_25  P1000_25  proteins
132        0         8     16.90
133        0         8     17.00
9          0        11     23.17
10         0        11     22.94
11         0        11     22.99

4 x 3 bicluster
     P600_25  P1000_25  proteins
9          0        11     23.17
10         0        11     22.94
11         0        11     22.99
133        0         8     17.00

5 x 9 bicluster
    Ptot_25  Ptot_30  P300_25  P600_25  P1000_25  P1000_30  harvest_25  harvest_30   PMG
12       17        1        4        0         9         0           5           1  2.79
14       17        1        4        0         9         0           5           1  2.77
15       17        1        4        0         9         0           5           1  2.61
16       17        1        4        0         9         0           5           1  2.68
17       17        1        4        0         9         0           5           1  2.66

2 x 10 bicluster
    Ptot_25  Ptot_30  P300_25  P600_25  P1000_25  P1000_30  harvest_25  harvest_30   PMG  lipids
17       17        1        4        0         9         0           5           1  2.66   43.34
12       17        1        4        0         9         0           5           1  2.79   43.50

2 x 4 bicluster
    P600_25  P1000_25  P1000_30    seed_nb
12        0         9         0  104919.00
93        0         5         0   58745.34

2 x 3 bicluster
     P1000_25  P1000_30  seed_yield
12          9         0       29.30
143         8         0       26.26

3 x 3 bicluster
     P1000_25  P1000_30   PMG
136        11         0  4.50
137        11         0  4.10
13          9         0  2.87

2 x 4 bicluster
     P1000_25  P1000_30   PMG  lipids
137        11         0  4.10   51.90
13          9         0  2.87   42.27

2 x 11 bicluster
    Ptot_25  Ptot_30  P300_25  P600_25  P1000_25  P1000_30  harvest_25  harvest_30   PMG  lipids  proteins
16       17        1        4        0         9         0           5           1  2.68   44.05     22.07
14       17        1        4        0         9         0           5           1  2.77   44.15     22.04

3 x 10 bicluster
    Ptot_25  Ptot_30  P300_25  P600_25  P1000_25  P1000_30  harvest_25  harvest_30   PMG  proteins
16       17        1        4        0         9         0           5           1  2.68     22.07
17       17        1        4        0         9         0           5           1  2.66     21.99
14       17        1        4        0         9         0           5           1  2.77     22.04

3 x 3 bicluster
     P1000_25  P1000_30  lipids
16          9         0   44.05
138        10         0   49.50
14          9         0   44.15

2 x 3 bicluster
    P1000_25  P1000_30    seed_nb
92         6         0   83053.58
14         9         0  123339.00

2 x 4 bicluster
    P600_25  P1000_25  P1000_30   seed_nb
67        0         6         0   66736.0
15        0         9         0  100106.0

3 x 3 bicluster
     P600_25  P1000_25  proteins
104        0         5     14.00
15         0         9     25.23
106        0         5     14.30

2 x 3 bicluster
     P1000_25  P1000_30  lipids
136        11         0   50.90
15          9         0   41.43

2 x 9 bicluster
    Ptot_25  Ptot_30  P300_25  P600_25  P1000_25  P1000_30  harvest_25  harvest_30  PMG
25        4        0        0        1         2         0           2           0  4.6
18        4        0        0        1         2         0           2           0  4.6

4 x 8 bicluster
    Ptot_25  Ptot_30  P300_25  P1000_25  P1000_30  harvest_25  harvest_30   PMG
25        4        0        0         2         0           2           0  4.60
18        4        0        0         2         0           2           0  4.60
31        4        0        0         2         0           2           0  4.47
35        4        0        0         2         0           2           0  4.56

7 x 4 bicluster
    P300_25  P1000_25  P1000_30   PMG
35        0         2         0  4.56
18        0         2         0  4.60
53        0         2         0  4.57
25        0         2         0  4.60
31        0         2         0  4.47
58        0         2         0  4.53
81        0         2         0  4.50

2 x 8 bicluster
    Ptot_25  Ptot_30  P300_25  P1000_25  P1000_30  harvest_25  harvest_30  lipids
40        4        0        0         2         0           2           0   46.82
18        4        0        0         2         0           2           0   46.91

3 x 4 bicluster
    P300_25  P1000_25  P1000_30  lipids
40        0         2         0   46.82
18        0         2         0   46.91
80        0         2         0   47.00

4 x 3 bicluster
     P1000_25  P1000_30  lipids
40          2         0   46.82
18          2         0   46.91
80          2         0   47.00
156         2         0   46.96

3 x 5 bicluster
     Ptot_30  P1000_25  P1000_30  harvest_30  lipids
40         0         2         0           0   46.82
18         0         2         0           0   46.91
156        0         2         0           0   46.96

2 x 5 bicluster
    P300_25  P1000_25  P1000_30   seed_nb   PMG
18        0         2         0  67847.45  4.60
53        0         2         0  67559.34  4.57

2 x 8 bicluster
    Ptot_25  Ptot_30  P300_25  P1000_25  P1000_30  harvest_25  harvest_30  lipids
19        4        0        0         2         0           2           0   46.64
37        4        0        0         2         0           2           0   46.68

3 x 4 bicluster
    P300_25  P1000_25  P1000_30  lipids
51        0         2         0   46.65
19        0         2         0   46.64
37        0         2         0   46.68

4 x 3 bicluster
     P1000_25  P1000_30  lipids
19          2         0   46.64
51          2         0   46.65
37          2         0   46.68
158         2         0   46.65

3 x 5 bicluster
     Ptot_30  P1000_25  P1000_30  harvest_30  lipids
19         0         2         0           0   46.64
37         0         2         0           0   46.68
158        0         2         0           0   46.65

3 x 8 bicluster
    Ptot_25  Ptot_30  P300_25  P1000_25  P1000_30  harvest_25  harvest_30  proteins
19        4        0        0         2         0           2           0     21.31
38        4        0        0         2         0           2           0     21.25
39        4        0        0         2         0           2           0     21.29

2 x 8 bicluster
    Ptot_25  Ptot_30  P300_25  P1000_25  P1000_30  harvest_25  harvest_30   PMG
41        4        0        0         2         0           2           0  5.17
19        4        0        0         2         0           2           0  5.06

3 x 4 bicluster
    P300_25  P1000_25  P1000_30  seed_yield
19        0         2         0       34.98
63        0         2         0       35.00
78        0         2         0       34.87

3 x 9 bicluster
    Ptot_25  Ptot_30  P300_25  P600_25  P1000_25  P1000_30  harvest_25  harvest_30  proteins
20        4        0        0        1         2         0           2           0     21.62
22        4        0        0        1         2         0           2           0     21.70
23        4        0        0        1         2         0           2           0     21.71

4 x 8 bicluster
    Ptot_25  Ptot_30  P300_25  P1000_25  P1000_30  harvest_25  harvest_30  proteins
20        4        0        0         2         0           2           0     21.62
30        4        0        0         2         0           2           0     21.71
22        4        0        0         2         0           2           0     21.70
23        4        0        0         2         0           2           0     21.71

3 x 9 bicluster
    Ptot_25  Ptot_30  P300_25  P600_25  P1000_25  P1000_30  harvest_25  harvest_30   PMG
26        4        0        0        1         2         0           2           0  4.73
20        4        0        0        1         2         0           2           0  4.75
28        4        0        0        1         2         0           2           0  4.67

5 x 4 bicluster
    P300_25  P1000_25  P1000_30   PMG
26        0         2         0  4.73
20        0         2         0  4.75
28        0         2         0  4.67
78        0         2         0  4.80
79        0         2         0  4.70

2 x 8 bicluster
    Ptot_25  Ptot_30  P300_25  P1000_25  P1000_30  harvest_25  harvest_30  lipids
41        4        0        0         2         0           2           0   46.11
20        4        0        0         2         0           2           0   46.26

2 x 4 bicluster
    P300_25  P1000_25  P1000_30   seed_nb
58        0         2         0  68382.61
20        0         2         0  68153.56

3 x 9 bicluster
    Ptot_25  Ptot_30  P300_25  P600_25  P1000_25  P1000_30  harvest_25  harvest_30   PMG
21        4        0        0        1         2         0           2           0  4.85
22        4        0        0        1         2         0           2           0  4.87
24        4        0        0        1         2         0           2           0  4.82

4 x 4 bicluster
    P300_25  P1000_25  P1000_30   PMG
24        0         2         0  4.82
48        0         2         0  4.95
21        0         2         0  4.85
22        0         2         0  4.87

2 x 10 bicluster
    Ptot_25  Ptot_30  P300_25  P600_25  P1000_25  P1000_30  harvest_25  harvest_30  seed_nb  lipids
26        4        0        0        1         2         0           2           0  55541.4   44.91
21        4        0        0        1         2         0           2           0  55531.4   44.89

4 x 4 bicluster
    P300_25  P1000_25  P1000_30   seed_nb
26        0         2         0  55541.40
51        0         2         0  55241.58
42        0         2         0  55434.18
21        0         2         0  55531.40

3 x 5 bicluster
     Ptot_30  P1000_25  P1000_30  harvest_30  lipids
26         0         2         0           0   44.91
21         0         2         0           0   44.89
149        0         2         0           0   44.90

2 x 5 bicluster
     Ptot_30  P1000_25  P1000_30  harvest_30  lipids
152        0         2         0           0   45.70
22         0         2         0           0   45.55

3 x 9 bicluster
    Ptot_25  Ptot_30  P300_25  P600_25  P1000_25  P1000_30  harvest_25  harvest_30   PMG
27        4        0        0        1         2         0           2           0  4.29
23        4        0        0        1         2         0           2           0  4.42
29        4        0        0        1         2         0           2           0  4.42

7 x 8 bicluster
    Ptot_25  Ptot_30  P300_25  P1000_25  P1000_30  harvest_25  harvest_30   PMG
32        4        0        0         2         0           2           0  4.39
27        4        0        0         2         0           2           0  4.29
29        4        0        0         2         0           2           0  4.42
23        4        0        0         2         0           2           0  4.42
33        4        0        0         2         0           2           0  4.34
37        4        0        0         2         0           2           0  4.40
38        4        0        0         2         0           2           0  4.38

2 x 5 bicluster
     Ptot_30  P1000_25  P1000_30  harvest_30  lipids
151        0         2         0           0   44.70
23         0         2         0           0   44.79

2 x 4 bicluster
     P600_25  P1000_25  P1000_30  seed_yield
173        1         2         0       25.15
23         1         2         0       25.16

2 x 9 bicluster
    Ptot_25  Ptot_30  P300_25  P600_25  P1000_25  P1000_30  harvest_25  harvest_30  lipids
24        4        0        0        1         2         0           2           0   45.17
25        4        0        0        1         2         0           2           0   45.01

2 x 9 bicluster
    Ptot_25  Ptot_30  P300_25  P600_25  P1000_25  P1000_30  harvest_25  harvest_30  proteins
24        4        0        0        1         2         0           2           0     22.84
26        4        0        0        1         2         0           2           0     22.84

3 x 8 bicluster
    Ptot_25  Ptot_30  P300_25  P1000_25  P1000_30  harvest_25  harvest_30  proteins
24        4        0        0         2         0           2           0     22.84
41        4        0        0         2         0           2           0     22.82
26        4        0        0         2         0           2           0     22.84

2 x 4 bicluster
    P300_25  P1000_25  P1000_30  seed_yield
25        0         2         0       31.91
45        0         2         0       31.92

2 x 4 bicluster
    P300_25  P1000_25  P1000_30   seed_nb
65        0         2         0  69542.15
25        0         2         0  69399.33

2 x 9 bicluster
    Ptot_25  Ptot_30  P300_25  P600_25  P1000_25  P1000_30  harvest_25  harvest_30  proteins
27        4        0        0        1         2         0           2           0     23.17
28        4        0        0        1         2         0           2           0     23.07

2 x 10 bicluster
    Ptot_25  Ptot_30  P300_25  P600_25  P1000_25  P1000_30  harvest_25  harvest_30   PMG  lipids
27        4        0        0        1         2         0           2           0  4.29   42.71
29        4        0        0        1         2         0           2           0  4.42   42.80

2 x 4 bicluster
    P300_25  P1000_25  P1000_30  seed_yield
27        0         2         0       32.78
47        0         2         0       32.65

2 x 8 bicluster
    Ptot_25  Ptot_30  P300_25  P1000_25  P1000_30  harvest_25  harvest_30  seed_yield
41        4        0        0         2         0           2           0       32.90
28        4        0        0         2         0           2           0       32.83

3 x 4 bicluster
    P300_25  P1000_25  P1000_30  seed_yield
41        0         2         0       32.90
28        0         2         0       32.83
79        0         2         0       32.86

2 x 6 bicluster
    P300_25  P1000_25  P1000_30  seed_yield  seed_nb   PMG
28        0         2         0       32.83  70234.5  4.67
79        0         2         0       32.86  69911.0  4.70

5 x 9 bicluster
    Ptot_25  Ptot_30  P300_25  P600_25  P1000_25  P1000_30  harvest_25  harvest_30   PMG
34        4        0        0        0         2         0           2           0  4.23
30        4        0        0        0         2         0           2           0  4.22
36        4        0        0        0         2         0           2           0  4.21
39        4        0        0        0         2         0           2           0  4.27
40        4        0        0        0         2         0           2           0  4.19

7 x 5 bicluster
    P300_25  P600_25  P1000_25  P1000_30   PMG
34        0        0         2         0  4.23
36        0        0         2         0  4.21
39        0        0         2         0  4.27
40        0        0         2         0  4.19
54        0        0         2         0  4.23
30        0        0         2         0  4.22
61        0        0         2         0  4.23

7 x 5 bicluster
     Ptot_30  P1000_25  P1000_30  harvest_30   PMG
34         0         2         0           0  4.23
36         0         2         0           0  4.21
39         0         2         0           0  4.27
40         0         2         0           0  4.19
156        0         2         0           0  4.19
30         0         2         0           0  4.22
159        0         2         0           0  4.14

6 x 5 bicluster
     Ptot_30  P1000_25  P1000_30  harvest_30   PMG
34         0         2         0           0  4.23
36         0         2         0           0  4.21
39         0         2         0           0  4.27
40         0         2         0           0  4.19
30         0         2         0           0  4.22
159        0         2         0           0  4.14

3 x 5 bicluster
    P300_25  P600_25  P1000_25  P1000_30  lipids
30        0        0         2         0   47.16
47        0        0         2         0   47.15
50        0        0         2         0   47.06

2 x 9 bicluster
    Ptot_25  Ptot_30  P300_25  P600_25  P1000_25  P1000_30  harvest_25  harvest_30   PMG
35        4        0        0        0         2         0           2           0  4.56
31        4        0        0        0         2         0           2           0  4.47

5 x 5 bicluster
    P300_25  P600_25  P1000_25  P1000_30   PMG
35        0        0         2         0  4.56
53        0        0         2         0  4.57
31        0        0         2         0  4.47
58        0        0         2         0  4.53
81        0        0         2         0  4.50

2 x 6 bicluster
    P300_25  P600_25  P1000_25  P1000_30   PMG  lipids
53        0        0         2         0  4.57   49.72
31        0        0         2         0  4.47   49.68

2 x 5 bicluster
     Ptot_30  P1000_25  P1000_30  harvest_30  seed_yield
165        0         2         0           0       43.10
31         0         2         0           0       43.02

4 x 9 bicluster
    Ptot_25  Ptot_30  P300_25  P600_25  P1000_25  P1000_30  harvest_25  harvest_30   PMG
32        4        0        0        0         2         0           2           0  4.39
33        4        0        0        0         2         0           2           0  4.34
37        4        0        0        0         2         0           2           0  4.40
38        4        0        0        0         2         0           2           0  4.38

13 x 5 bicluster
    P300_25  P600_25  P1000_25  P1000_30   PMG
32        0        0         2         0  4.39
33        0        0         2         0  4.34
37        0        0         2         0  4.40
38        0        0         2         0  4.38
55        0        0         2         0  4.29
56        0        0         2         0  4.36
57        0        0         2         0  4.41
59        0        0         2         0  4.43
60        0        0         2         0  4.35
62        0        0         2         0  4.35
63        0        0         2         0  4.28
64        0        0         2         0  4.34
80        0        0         2         0  4.30

2 x 5 bicluster
    P300_25  P600_25  P1000_25  P1000_30  proteins
32        0        0         2         0     20.64
51        0        0         2         0     20.69

2 x 5 bicluster
    P300_25  P600_25  P1000_25  P1000_30  lipids
33        0        0         2         0   47.63
44        0        0         2         0   47.71

2 x 5 bicluster
    P300_25  P600_25  P1000_25  P1000_30  seed_yield
33        0        0         2         0       33.35
52        0        0         2         0       33.34

2 x 6 bicluster
    P300_25  P600_25  P1000_25  P1000_30   seed_nb   PMG
56        0        0         2         0  76857.78  4.36
33        0        0         2         0  76851.13  4.34

2 x 11 bicluster
    Ptot_25  Ptot_30  P300_25  P600_25  P1000_25  P1000_30  harvest_25  harvest_30  seed_yield   seed_nb   PMG
34        4        0        0        0         2         0           2           0       34.62  81840.22  4.23
36        4        0        0        0         2         0           2           0       34.46  81925.19  4.21

2 x 5 bicluster
    P300_25  P600_25  P1000_25  P1000_30   seed_nb
34        0        0         2         0  81840.22
63        0        0         2         0  81681.59

2 x 5 bicluster
    P300_25  P600_25  P1000_25  P1000_30  proteins
43        0        0         2         0     20.01
35        0        0         2         0     20.01

3 x 5 bicluster
    P300_25  P600_25  P1000_25  P1000_30  seed_yield
35        0        0         2         0       33.99
44        0        0         2         0       33.99
46        0        0         2         0       33.92

2 x 5 bicluster
     Ptot_30  P1000_25  P1000_30  harvest_30  lipids
35         0         2         0           0   49.76
166        0         2         0           0   49.90

2 x 5 bicluster
    P300_25  P600_25  P1000_25  P1000_30  lipids
51        0        0         2         0   46.65
37        0        0         2         0   46.68

2 x 10 bicluster
    Ptot_25  Ptot_30  P300_25  P600_25  P1000_25  P1000_30  harvest_25  harvest_30  lipids  proteins
38        4        0        0        0         2         0           2           0   47.93     21.25
39        4        0        0        0         2         0           2           0   47.97     21.29

4 x 5 bicluster
    P300_25  P600_25  P1000_25  P1000_30  lipids
48        0        0         2         0   48.06
38        0        0         2         0   47.93
39        0        0         2         0   47.97
49        0        0         2         0   48.08

6 x 3 bicluster
     P1000_25  P1000_30  lipids
38          2         0   47.93
39          2         0   47.97
48          2         0   48.06
49          2         0   48.08
157         2         0   47.94
159         2         0   48.02

5 x 3 bicluster
     P1000_25  P1000_30  lipids
38          2         0   47.93
39          2         0   47.97
48          2         0   48.06
49          2         0   48.08
159         2         0   48.02

4 x 5 bicluster
     Ptot_30  P1000_25  P1000_30  harvest_30  lipids
159        0         2         0           0   48.02
157        0         2         0           0   47.94
38         0         2         0           0   47.93
39         0         2         0           0   47.97

3 x 5 bicluster
     Ptot_30  P1000_25  P1000_30  harvest_30  lipids
159        0         2         0           0   48.02
38         0         2         0           0   47.93
39         0         2         0           0   47.97

2 x 5 bicluster
    P300_25  P600_25  P1000_25  P1000_30  seed_yield
57        0        0         2         0       35.49
39        0        0         2         0       35.49

2 x 5 bicluster
    P300_25  P600_25  P1000_25  P1000_30   seed_nb
59        0        0         2         0  82853.57
39        0        0         2         0  83178.84

2 x 6 bicluster
    P300_25  P600_25  P1000_25  P1000_30   seed_nb   PMG
61        0        0         2         0  83195.95  4.23
39        0        0         2         0  83178.84  4.27

2 x 6 bicluster
     Ptot_30  P1000_25  P1000_30  harvest_30   PMG  lipids
159        0         2         0           0  4.14   48.02
39         0         2         0           0  4.27   47.97

2 x 6 bicluster
    P300_25  P600_25  P1000_25  P1000_30  seed_yield   PMG
40        0        0         2         0       35.33  4.19
61        0        0         2         0       35.22  4.23

2 x 5 bicluster
    P300_25  P600_25  P1000_25  P1000_30  lipids
40        0        0         2         0   46.82
80        0        0         2         0   47.00

2 x 6 bicluster
     Ptot_30  P1000_25  P1000_30  harvest_30   PMG  lipids
40         0         2         0           0  4.19   46.82
156        0         2         0           0  4.19   46.96

2 x 5 bicluster
    P300_25  P600_25  P1000_25  P1000_30   seed_nb
41        0        0         2         0  63619.97
44        0        0         2         0  63651.76

2 x 5 bicluster
    P300_25  P600_25  P1000_25  P1000_30  seed_yield
41        0        0         2         0       32.90
79        0        0         2         0       32.86

4 x 9 bicluster
    Ptot_25  Ptot_30  P300_25  P600_25  P1000_25  P1000_30  harvest_25  harvest_30   PMG
42       10        2        0        0         2         0           8           2  5.26
44       10        2        0        0         2         0           8           2  5.34
49       10        2        0        0         2         0           8           2  5.30
52       10        2        0        0         2         0           8           2  5.36

2 x 9 bicluster
    Ptot_25  Ptot_30  P300_25  P600_25  P1000_25  P1000_30  harvest_25  harvest_30   seed_nb
42       10        2        0        0         2         0           8           2  55434.18
51       10        2        0        0         2         0           8           2  55241.58

4 x 9 bicluster
    Ptot_25  Ptot_30  P300_25  P600_25  P1000_25  P1000_30  harvest_25  harvest_30  proteins
42       10        2        0        0         2         0           8           2     18.50
55       10        2        0        0         2         0           8           2     18.55
56       10        2        0        0         2         0           8           2     18.50
61       10        2        0        0         2         0           8           2     18.53

5 x 9 bicluster
    Ptot_25  Ptot_30  P300_25  P600_25  P1000_25  P1000_30  harvest_25  harvest_30   PMG
43       10        2        0        0         2         0           8           2  5.42
46       10        2        0        0         2         0           8           2  5.37
47       10        2        0        0         2         0           8           2  5.39
50       10        2        0        0         2         0           8           2  5.37
51       10        2        0        0         2         0           8           2  5.40

2 x 5 bicluster
    P300_25  P600_25  P1000_25  P1000_30  lipids
81        0        0         2         0   47.20
43        0        0         2         0   47.23

2 x 9 bicluster
    Ptot_25  Ptot_30  P300_25  P600_25  P1000_25  P1000_30  harvest_25  harvest_30  seed_yield
44       10        2        0        0         2         0           8           2       33.99
46       10        2        0        0         2         0           8           2       33.92

3 x 9 bicluster
    Ptot_25  Ptot_30  P300_25  P600_25  P1000_25  P1000_30  harvest_25  harvest_30  proteins
45       10        2        0        0         2         0           8           2     19.29
46       10        2        0        0         2         0           8           2     19.33
62       10        2        0        0         2         0           8           2     19.35

5 x 3 bicluster
     P1000_25  P1000_30  proteins
166         2         0     19.20
45          2         0     19.29
46          2         0     19.33
156         2         0     19.19
62          2         0     19.35

4 x 3 bicluster
     P1000_25  P1000_30  proteins
62          2         0     19.35
166         2         0     19.20
45          2         0     19.29
46          2         0     19.33

2 x 10 bicluster
    Ptot_25  Ptot_30  P300_25  P600_25  P1000_25  P1000_30  harvest_25  harvest_30   PMG  lipids
50       10        2        0        0         2         0           8           2  5.37   47.06
47       10        2        0        0         2         0           8           2  5.39   47.15

2 x 9 bicluster
    Ptot_25  Ptot_30  P300_25  P600_25  P1000_25  P1000_30  harvest_25  harvest_30  lipids
48       10        2        0        0         2         0           8           2   48.06
49       10        2        0        0         2         0           8           2   48.08

3 x 9 bicluster
    Ptot_25  Ptot_30  P300_25  P600_25  P1000_25  P1000_30  harvest_25  harvest_30   seed_nb
48       10        2        0        0         2         0           8           2  62286.49
50       10        2        0        0         2         0           8           2  62343.64
52       10        2        0        0         2         0           8           2  62237.66

3 x 9 bicluster
    Ptot_25  Ptot_30  P300_25  P600_25  P1000_25  P1000_30  harvest_25  harvest_30  seed_yield
48       10        2        0        0         2         0           8           2       30.84
53       10        2        0        0         2         0           8           2       30.86
58       10        2        0        0         2         0           8           2       31.00

2 x 9 bicluster
    Ptot_25  Ptot_30  P300_25  P600_25  P1000_25  P1000_30  harvest_25  harvest_30  proteins
64       10        2        0        0         2         0           8           2     19.63
49       10        2        0        0         2         0           8           2     19.62

2 x 3 bicluster
     P1000_25  P1000_30  seed_yield
49          2         0       34.10
155         2         0       34.21

2 x 9 bicluster
    Ptot_25  Ptot_30  P300_25  P600_25  P1000_25  P1000_30  harvest_25  harvest_30  seed_yield
56       10        2        0        0         2         0           8           2       33.51
50       10        2        0        0         2         0           8           2       33.46

2 x 9 bicluster
    Ptot_25  Ptot_30  P300_25  P600_25  P1000_25  P1000_30  harvest_25  harvest_30  proteins
50       10        2        0        0         2         0           8           2     20.88
58       10        2        0        0         2         0           8           2     20.84

3 x 3 bicluster
     P1000_25  P1000_30  proteins
50          2         0     20.88
58          2         0     20.84
158         2         0     20.93

2 x 9 bicluster
    Ptot_25  Ptot_30  P300_25  P600_25  P1000_25  P1000_30  harvest_25  harvest_30  proteins
52       10        2        0        0         2         0           8           2     19.38
63       10        2        0        0         2         0           8           2     19.40

3 x 3 bicluster
     P1000_25  P1000_30  proteins
159         2         0     19.48
52          2         0     19.38
63          2         0     19.40

2 x 9 bicluster
    Ptot_25  Ptot_30  P300_25  P600_25  P1000_25  P1000_30  harvest_25  harvest_30  proteins
53       10        2        0        0         2         0           8           2     18.35
54       10        2        0        0         2         0           8           2     18.39

4 x 3 bicluster
     P1000_25  P1000_30  proteins
155         2         0     18.40
53          2         0     18.35
54          2         0     18.39
157         2         0     18.33

3 x 3 bicluster
     P1000_25  P1000_30  proteins
53          2         0     18.35
54          2         0     18.39
157         2         0     18.33

2 x 10 bicluster
    Ptot_25  Ptot_30  P300_25  P600_25  P1000_25  P1000_30  harvest_25  harvest_30  seed_yield   PMG
58       10        2        0        0         2         0           8           2       31.00  4.53
53       10        2        0        0         2         0           8           2       30.86  4.57

5 x 9 bicluster
    Ptot_25  Ptot_30  P300_25  P600_25  P1000_25  P1000_30  harvest_25  harvest_30  lipids
57       10        2        0        0         2         0           8           2   50.53
54       10        2        0        0         2         0           8           2   50.53
59       10        2        0        0         2         0           8           2   50.58
60       10        2        0        0         2         0           8           2   50.60
62       10        2        0        0         2         0           8           2   50.48

2 x 10 bicluster
    Ptot_25  Ptot_30  P300_25  P600_25  P1000_25  P1000_30  harvest_25  harvest_30  seed_yield  lipids
59       10        2        0        0         2         0           8           2       36.67   50.58
54       10        2        0        0         2         0           8           2       36.71   50.53

3 x 5 bicluster
    P300_25  P600_25  P1000_25  P1000_30  seed_yield
80        0        0         2         0       36.69
59        0        0         2         0       36.67
54        0        0         2         0       36.71

2 x 10 bicluster
    Ptot_25  Ptot_30  P300_25  P600_25  P1000_25  P1000_30  harvest_25  harvest_30   seed_nb  lipids
60       10        2        0        0         2         0           8           2  87149.48   50.60
54       10        2        0        0         2         0           8           2  86886.53   50.53

2 x 9 bicluster
    Ptot_25  Ptot_30  P300_25  P600_25  P1000_25  P1000_30  harvest_25  harvest_30   PMG
61       10        2        0        0         2         0           8           2  4.23
54       10        2        0        0         2         0           8           2  4.23

2 x 10 bicluster
    Ptot_25  Ptot_30  P300_25  P600_25  P1000_25  P1000_30  harvest_25  harvest_30   PMG  proteins
56       10        2        0        0         2         0           8           2  4.36     18.50
55       10        2        0        0         2         0           8           2  4.29     18.55

8 x 9 bicluster
    Ptot_25  Ptot_30  P300_25  P600_25  P1000_25  P1000_30  harvest_25  harvest_30   PMG
56       10        2        0        0         2         0           8           2  4.36
57       10        2        0        0         2         0           8           2  4.41
55       10        2        0        0         2         0           8           2  4.29
59       10        2        0        0         2         0           8           2  4.43
60       10        2        0        0         2         0           8           2  4.35
62       10        2        0        0         2         0           8           2  4.35
63       10        2        0        0         2         0           8           2  4.28
64       10        2        0        0         2         0           8           2  4.34

4 x 10 bicluster
    Ptot_25  Ptot_30  P300_25  P600_25  P1000_25  P1000_30  harvest_25  harvest_30   PMG  lipids
57       10        2        0        0         2         0           8           2  4.41   50.53
59       10        2        0        0         2         0           8           2  4.43   50.58
60       10        2        0        0         2         0           8           2  4.35   50.60
62       10        2        0        0         2         0           8           2  4.35   50.48

2 x 11 bicluster
    Ptot_25  Ptot_30  P300_25  P600_25  P1000_25  P1000_30  harvest_25  harvest_30   PMG  lipids  proteins
57       10        2        0        0         2         0           8           2  4.41   50.53     19.09
60       10        2        0        0         2         0           8           2  4.35   50.60     19.05

3 x 9 bicluster
    Ptot_25  Ptot_30  P300_25  P600_25  P1000_25  P1000_30  harvest_25  harvest_30  proteins
65       10        2        0        0         2         0           8           2     19.01
57       10        2        0        0         2         0           8           2     19.09
60       10        2        0        0         2         0           8           2     19.05

4 x 3 bicluster
     P1000_25  P1000_30  proteins
65          2         0     19.01
60          2         0     19.05
167         2         0     19.10
57          2         0     19.09

2 x 6 bicluster
    P300_25  P600_25  P1000_25  P1000_30  seed_yield   PMG
80        0        0         2         0       36.69  4.30
59        0        0         2         0       36.67  4.43

2 x 5 bicluster
    P300_25  P600_25  P1000_25  P1000_30  seed_yield
78        0        0         2         0       34.87
63        0        0         2         0       35.00

3 x 3 bicluster
     P1000_25  P1000_30  lipids
64          2         0   50.32
164         2         0   50.40
167         2         0   50.40

2 x 3 bicluster
     P1000_25  P1000_30  lipids
64          2         0   50.32
167         2         0   50.40

2 x 10 bicluster
    Ptot_25  Ptot_30  P300_25  P600_25  P1000_25  P1000_30  harvest_25  harvest_30  lipids  proteins
66       11        0        0        0         6         0           6           0    48.4      18.6
67       11        0        0        0         6         0           6           0    48.6      18.8

3 x 3 bicluster
    P1000_25  P1000_30  proteins
91         6         0     18.32
66         6         0     18.60
67         6         0     18.80

3 x 4 bicluster
     P300_25  P600_25  P1000_25  proteins
66         0        0         6      18.6
67         0        0         6      18.8
103        0        0         5      15.6

2 x 4 bicluster
    P1000_25  P1000_30   PMG  proteins
66         6         0  4.40     18.60
91         6         0  4.19     18.32

5 x 3 bicluster
     P1000_25  P1000_30   PMG
66          6         0  4.40
134         7         0  5.20
145         6         0  4.50
91          6         0  4.19
92          6         0  4.10

4 x 3 bicluster
     P1000_25  P1000_30   PMG
145         6         0  4.50
66          6         0  4.40
91          6         0  4.19
92          6         0  4.10

2 x 4 bicluster
     P300_25  P1000_25  P1000_30  PMG
66         0         6         0  4.4
134        0         7         0  5.2

3 x 4 bicluster
    P600_25  P1000_25  P1000_30   PMG
67        0         6         0  4.90
93        0         5         0  4.09
94        0         5         0  4.27

4 x 3 bicluster
     P600_25  P1000_25   PMG
106        0         5  4.10
67         0         6  4.90
93         0         5  4.09
94         0         5  4.27

7 x 3 bicluster
     P1000_25  P1000_30   PMG
67          6         0  4.90
135         7         0  5.50
144         6         0  5.00
146         5         0  4.00
147         5         0  4.00
93          5         0  4.09
94          5         0  4.27

6 x 3 bicluster
     P1000_25  P1000_30   PMG
67          6         0  4.90
135         7         0  5.50
144         6         0  5.00
147         5         0  4.00
93          5         0  4.09
94          5         0  4.27

6 x 3 bicluster
     P1000_25  P1000_30   PMG
67          6         0  4.90
135         7         0  5.50
146         5         0  4.00
147         5         0  4.00
93          5         0  4.09
94          5         0  4.27

5 x 3 bicluster
     P1000_25  P1000_30   PMG
67          6         0  4.90
135         7         0  5.50
147         5         0  4.00
93          5         0  4.09
94          5         0  4.27

6 x 3 bicluster
     P1000_25  P1000_30   PMG
67          6         0  4.90
144         6         0  5.00
146         5         0  4.00
147         5         0  4.00
93          5         0  4.09
94          5         0  4.27

5 x 3 bicluster
     P1000_25  P1000_30   PMG
67          6         0  4.90
144         6         0  5.00
147         5         0  4.00
93          5         0  4.09
94          5         0  4.27

5 x 3 bicluster
     P1000_25  P1000_30   PMG
67          6         0  4.90
146         5         0  4.00
147         5         0  4.00
93          5         0  4.09
94          5         0  4.27

4 x 3 bicluster
     P1000_25  P1000_30   PMG
67          6         0  4.90
147         5         0  4.00
93          5         0  4.09
94          5         0  4.27

2 x 4 bicluster
     P300_25  P600_25  P1000_25  PMG
106        0        0         5  4.1
67         0        0         6  4.9

3 x 3 bicluster
     P300_25  P1000_25  PMG
106        0         5  4.1
67         0         6  4.9
135        0         7  5.5

2 x 5 bicluster
     P300_25  P600_25  P1000_25  P1000_30  seed_yield
67         0        0         6         0       32.70
132        0        0         8         0       43.36

3 x 3 bicluster
     P1000_25  P1000_30  seed_yield
67          6         0       32.70
132         8         0       43.36
147         5         0       27.30

2 x 4 bicluster
     P300_25  P1000_25  P1000_30  PMG
67         0         6         0  4.9
135        0         7         0  5.5

2 x 4 bicluster
     P1000_25  P1000_30  seed_yield  PMG
67          6         0        32.7  4.9
147         5         0        27.3  4.0

2 x 9 bicluster
    Ptot_25  Ptot_30  P300_25  P600_25  P1000_25  P1000_30  harvest_25  harvest_30  PMG
68       11        0        0        0         4         0           8           0  4.3
69       11        0        0        0         4         0           8           0  4.4

5 x 3 bicluster
     P1000_25  P1000_30   PMG
160         4         0  4.33
161         4         0  4.44
163         4         0  4.38
68          4         0  4.30
69          4         0  4.40

4 x 3 bicluster
     P1000_25  P1000_30   PMG
160         4         0  4.33
163         4         0  4.38
68          4         0  4.30
69          4         0  4.40

4 x 3 bicluster
     P1000_25  P1000_30   PMG
161         4         0  4.44
163         4         0  4.38
68          4         0  4.30
69          4         0  4.40

3 x 3 bicluster
     P1000_25  P1000_30   PMG
163         4         0  4.38
68          4         0  4.30
69          4         0  4.40

2 x 4 bicluster
     P300_25  P600_25  P1000_25  seed_yield
105        0        0         5       35.74
68         0        0         4       28.60

2 x 4 bicluster
     P1000_25  P1000_30  seed_yield   PMG
161         4         0       28.78  4.44
68          4         0       28.60  4.30

2 x 4 bicluster
     P300_25  P600_25  P1000_25  seed_yield
69         0        0         4       30.12
103        0        0         5       37.59

3 x 3 bicluster
     P300_25  P1000_25  proteins
107        0         4     18.35
69         0         4     18.30
108        0         4     18.17

2 x 4 bicluster
     P300_25  P1000_25  lipids  proteins
108        0         4   49.91     18.17
69         0         4   49.80     18.30

4 x 5 bicluster
     P300_25  P600_25  P1000_25  P1000_30   PMG
114        0        0         1         0  4.73
70         0        0         1         0  4.70
116        0        0         1         0  4.74
118        0        0         1         0  4.73

3 x 5 bicluster
     P300_25  P600_25  P1000_25  P1000_30  lipids
120        0        0         1         0    50.2
70         0        0         1         0    50.2
128        0        0         1         0    50.2

2 x 6 bicluster
    Ptot_30  P600_25  P1000_25  P1000_30  harvest_30   PMG
90        1        0         1         0           1  4.65
71        1        0         1         0           1  4.60

3 x 4 bicluster
     P600_25  P1000_25  P1000_30   PMG
90         0         1         0  4.65
117        0         1         0  4.64
71         0         1         0  4.60

2 x 5 bicluster
     P300_25  P600_25  P1000_25  P1000_30   PMG
117        0        0         1         0  4.64
71         0        0         1         0  4.60

2 x 6 bicluster
    Ptot_30  P600_25  P1000_25  P1000_30  harvest_30  lipids
73        1        0         1         0           1    49.5
87        1        0         1         0           1    49.5

3 x 5 bicluster
     P300_25  P600_25  P1000_25  P1000_30   PMG
120        0        0         1         0  4.11
73         0        0         1         0  4.10
121        0        0         1         0  4.11

2 x 9 bicluster
    Ptot_25  Ptot_30  P300_25  P600_25  P1000_25  P1000_30  harvest_25  harvest_30  lipids
75       10        1        0        0         3         0           7           1   50.10
77       10        1        0        0         3         0           7           1   50.05

3 x 4 bicluster
    P300_25  P600_25  P1000_25  lipids
97        0        0         3   50.10
75        0        0         3   50.10
77        0        0         3   50.05

2 x 3 bicluster
     P1000_25  P1000_30  seed_yield
75          3         0       37.26
159         2         0       24.82

3 x 4 bicluster
    P300_25  P600_25  P1000_25  PMG
97        0        0         3  4.6
76        0        0         3  4.6
98        0        0         3  4.6

2 x 10 bicluster
    Ptot_25  Ptot_30  P300_25  P600_25  P1000_25  P1000_30  harvest_25  harvest_30  PMG  lipids
78        6        1        0        0         2         0           4           1  4.8    46.5
79        6        1        0        0         2         0           4           1  4.7    46.5

2 x 9 bicluster
    Ptot_25  Ptot_30  P300_25  P600_25  P1000_25  P1000_30  harvest_25  harvest_30  proteins
80        6        1        0        0         2         0           4           1      14.1
79        6        1        0        0         2         0           4           1      14.2

2 x 9 bicluster
    Ptot_25  Ptot_30  P300_25  P600_25  P1000_25  P1000_30  harvest_25  harvest_30   PMG
82        9        1        1        0         1         0           7           1  5.07
83        9        1        1        0         1         0           7           1  5.13

2 x 4 bicluster
     P600_25  P1000_25  P1000_30  lipids
82         0         1         0    49.6
125        0         1         0    49.6

2 x 4 bicluster
     P600_25  P1000_25  P1000_30  proteins
82         0         1         0      17.7
127        0         1         0      17.7

2 x 4 bicluster
     P600_25  P1000_25  P1000_30  proteins
122        0         1         0      19.2
83         0         1         0      19.2

2 x 9 bicluster
    Ptot_25  Ptot_30  P300_25  P600_25  P1000_25  P1000_30  harvest_25  harvest_30   PMG
84        9        1        1        0         1         0           7           1  4.90
86        9        1        1        0         1         0           7           1  4.89

5 x 4 bicluster
     P600_25  P1000_25  P1000_30   PMG
84         0         1         0  4.90
86         0         1         0  4.89
111        0         1         0  4.88
113        0         1         0  4.94
115        0         1         0  4.90

3 x 4 bicluster
     P600_25  P1000_25  P1000_30  proteins
116        0         1         0      18.5
84         0         1         0      18.5
121        0         1         0      18.5

2 x 4 bicluster
     P600_25  P1000_25  P1000_30   seed_nb
115        0         1         0  70960.70
85         0         1         0  71039.16

2 x 4 bicluster
     P600_25  P1000_25  P1000_30  proteins
128        0         1         0      18.9
85         0         1         0      18.9

2 x 4 bicluster
     P600_25  P1000_25  P1000_30   seed_nb
89         0         1         0  77977.39
124        0         1         0  77906.26

2 x 9 bicluster
    Ptot_25  Ptot_30  P300_25  P600_25  P1000_25  P1000_30  harvest_25  harvest_30   PMG
91       25        4        1        1         6         0          19           4  4.19
92       25        4        1        1         6         0          19           4  4.10

2 x 5 bicluster
     Ptot_25  P1000_25  harvest_25  harvest_30  proteins
91        25         6          19           4     18.32
103       21         5          16           3     15.60

2 x 4 bicluster
     P1000_25  P1000_30  seed_yield  PMG
92          6         0       34.05  4.1
134         7         0       39.23  5.2

2 x 3 bicluster
     P1000_25  P1000_30  proteins
92          6         0     17.56
135         7         0     20.60

2 x 10 bicluster
    Ptot_25  Ptot_30  P300_25  P600_25  P1000_25  P1000_30  harvest_25  harvest_30   PMG  lipids
93       25        4        1        0         5         0          19           4  4.09   49.87
94       25        4        1        0         5         0          19           4  4.27   49.83

3 x 4 bicluster
     Ptot_30  P600_25  P1000_25   PMG
106        4        0         5  4.10
93         4        0         5  4.09
94         4        0         5  4.27

2 x 4 bicluster
     P1000_25  P1000_30   PMG  proteins
146         5         0  4.00     18.60
93          5         0  4.09     18.81

2 x 4 bicluster
     P600_25  P1000_25  P1000_30  seed_yield
133        0         8         0       44.60
94         0         5         0       27.57

3 x 3 bicluster
     P1000_25  P1000_30  seed_yield
133         8         0       44.60
94          5         0       27.57
135         7         0       38.87

2 x 4 bicluster
     P1000_25  P1000_30  seed_yield   PMG
94          5         0       27.57  4.27
135         7         0       38.87  5.50

2 x 9 bicluster
    Ptot_25  Ptot_30  P300_25  P600_25  P1000_25  P1000_30  harvest_25  harvest_30  PMG
96       14        3        0        0         4         1          10           2  5.2
95       14        3        0        0         4         1          10           2  5.2

2 x 4 bicluster
     P300_25  P1000_25  P1000_30   seed_nb
107        0         4         1  78502.23
95         0         4         1  78252.76

2 x 4 bicluster
     P300_25  P1000_25  P1000_30  proteins
109        0         4         1     19.75
95         0         4         1     19.80

2 x 4 bicluster
     P300_25  P1000_25  P1000_30   seed_nb
96         0         4         1  85069.44
108        0         4         1  84931.77

2 x 3 bicluster
     P1000_25  harvest_30  proteins
96          4           2      18.8
160         4           2      18.8

2 x 9 bicluster
    Ptot_25  Ptot_30  P300_25  P600_25  P1000_25  P1000_30  harvest_25  harvest_30  PMG
97       14        3        0        0         3         1          11           2  4.6
98       14        3        0        0         3         1          11           2  4.6

2 x 3 bicluster
     Ptot_25  P1000_25  seed_yield
107       24         4       36.50
102       18         3       27.19

2 x 9 bicluster
     Ptot_25  Ptot_30  P300_25  P600_25  P1000_25  P1000_30  harvest_25  harvest_30  proteins
104       21        4        0        0         5         1          16           3      14.0
106       21        4        0        0         5         1          16           3      14.3

2 x 3 bicluster
     P300_25  P1000_25  proteins
105        0         5      14.9
134        0         7      21.0

2 x 10 bicluster
     Ptot_25  Ptot_30  P300_25  P600_25  P1000_25  P1000_30  harvest_25  harvest_30   PMG  proteins
107       24        6        0        1         4         1          19           5  4.65     18.35
108       24        6        0        1         4         1          19           5  4.60     18.17

3 x 3 bicluster
     P600_25  P1000_25   PMG
162        1         4  4.87
107        1         4  4.65
108        1         4  4.60

2 x 10 bicluster
     Ptot_25  Ptot_30  P300_25  P600_25  P1000_25  P1000_30  harvest_25  harvest_30   PMG  lipids
109       24        6        0        1         4         1          19           5  4.15   48.91
110       24        6        0        1         4         1          19           5  4.16   49.03

2 x 3 bicluster
     P600_25  P1000_25  proteins
163        1         4     19.12
110        1         4     19.25

3 x 9 bicluster
     Ptot_25  Ptot_30  P300_25  P600_25  P1000_25  P1000_30  harvest_25  harvest_30   PMG
113        3        0        0        0         1         0           2           0  4.94
111        3        0        0        0         1         0           2           0  4.88
115        3        0        0        0         1         0           2           0  4.90

2 x 9 bicluster
     Ptot_25  Ptot_30  P300_25  P600_25  P1000_25  P1000_30  harvest_25  harvest_30  proteins
112        3        0        0        0         1         0           2           0      20.4
117        3        0        0        0         1         0           2           0      20.4

3 x 9 bicluster
     Ptot_25  Ptot_30  P300_25  P600_25  P1000_25  P1000_30  harvest_25  harvest_30   PMG
114        3        0        0        0         1         0           2           0  4.73
116        3        0        0        0         1         0           2           0  4.74
118        3        0        0        0         1         0           2           0  4.73

2 x 9 bicluster
     Ptot_25  Ptot_30  P300_25  P600_25  P1000_25  P1000_30  harvest_25  harvest_30  proteins
121        3        0        0        0         1         0           2           0      18.5
116        3        0        0        0         1         0           2           0      18.5

2 x 9 bicluster
     Ptot_25  Ptot_30  P300_25  P600_25  P1000_25  P1000_30  harvest_25  harvest_30   seed_nb
120        3        0        0        0         1         0           2           0  71174.40
117        3        0        0        0         1         0           2           0  71166.68

2 x 9 bicluster
     Ptot_25  Ptot_30  P300_25  P600_25  P1000_25  P1000_30  harvest_25  harvest_30  seed_yield
124        3        0        0        0         1         0           2           0       33.04
117        3        0        0        0         1         0           2           0       32.99

3 x 9 bicluster
     Ptot_25  Ptot_30  P300_25  P600_25  P1000_25  P1000_30  harvest_25  harvest_30   PMG
124        3        0        0        0         1         0           2           0  4.24
119        3        0        0        0         1         0           2           0  4.27
125        3        0        0        0         1         0           2           0  4.25

2 x 9 bicluster
     Ptot_25  Ptot_30  P300_25  P600_25  P1000_25  P1000_30  harvest_25  harvest_30  seed_yield
126        3        0        0        0         1         0           2           0       30.52
119        3        0        0        0         1         0           2           0       30.52

2 x 9 bicluster
     Ptot_25  Ptot_30  P300_25  P600_25  P1000_25  P1000_30  harvest_25  harvest_30  lipids
120        3        0        0        0         1         0           2           0    50.2
128        3        0        0        0         1         0           2           0    50.2

2 x 9 bicluster
     Ptot_25  Ptot_30  P300_25  P600_25  P1000_25  P1000_30  harvest_25  harvest_30   PMG
120        3        0        0        0         1         0           2           0  4.11
121        3        0        0        0         1         0           2           0  4.11

2 x 9 bicluster
     Ptot_25  Ptot_30  P300_25  P600_25  P1000_25  P1000_30  harvest_25  harvest_30  lipids
121        3        0        0        0         1         0           2           0    50.5
124        3        0        0        0         1         0           2           0    50.5

2 x 9 bicluster
     Ptot_25  Ptot_30  P300_25  P600_25  P1000_25  P1000_30  harvest_25  harvest_30  proteins
123        3        0        0        0         1         0           2           0      19.0
125        3        0        0        0         1         0           2           0      19.0

2 x 9 bicluster
     Ptot_25  Ptot_30  P300_25  P600_25  P1000_25  P1000_30  harvest_25  harvest_30   PMG
128        3        0        0        0         1         0           2           0  4.17
127        3        0        0        0         1         0           2           0  4.15

2 x 9 bicluster
     Ptot_25  Ptot_30  P300_25  P600_25  P1000_25  P1000_30  harvest_25  harvest_30  seed_yield
129       27        8        0        0         8         0          20           8       39.08
131       27        8        0        0         8         0          20           8       39.10

3 x 9 bicluster
     Ptot_25  Ptot_30  P300_25  P600_25  P1000_25  P1000_30  harvest_25  harvest_30  proteins
129       27        8        0        0         8         0          20           8      16.4
132       27        8        0        0         8         0          20           8      16.9
133       27        8        0        0         8         0          20           8      17.0

4 x 4 bicluster
     P300_25  P1000_25  P1000_30  proteins
129        0         8         0      16.4
132        0         8         0      16.9
133        0         8         0      17.0
140        0         8         0      17.0

3 x 4 bicluster
     P300_25  P1000_25  P1000_30  proteins
129        0         8         0      16.4
132        0         8         0      16.9
140        0         8         0      17.0

2 x 9 bicluster
     Ptot_25  Ptot_30  P300_25  P600_25  P1000_25  P1000_30  harvest_25  harvest_30  proteins
129       27        8        0        0         8         0          20           8      16.4
133       27        8        0        0         8         0          20           8      17.0

3 x 4 bicluster
     P300_25  P1000_25  P1000_30  proteins
129        0         8         0      16.4
140        0         8         0      17.0
133        0         8         0      17.0

2 x 4 bicluster
     P300_25  P1000_25  P1000_30  proteins
129        0         8         0      16.4
140        0         8         0      17.0

2 x 4 bicluster
     P300_25  P1000_25  P1000_30  proteins
130        0         8         0      18.2
142        0         8         0      18.0

3 x 9 bicluster
     Ptot_25  Ptot_30  P300_25  P600_25  P1000_25  P1000_30  harvest_25  harvest_30  lipids
131       27        8        0        0         8         0          20           8   50.60
132       27        8        0        0         8         0          20           8   50.72
133       27        8        0        0         8         0          20           8   51.12

2 x 9 bicluster
     Ptot_25  Ptot_30  P300_25  P600_25  P1000_25  P1000_30  harvest_25  harvest_30  lipids
131       27        8        0        0         8         0          20           8   50.60
133       27        8        0        0         8         0          20           8   51.12

2 x 4 bicluster
     P300_25  P1000_25  P1000_30  proteins
131        0         8         0      17.5
143        0         8         0      17.8

2 x 10 bicluster
     Ptot_25  Ptot_30  P300_25  P600_25  P1000_25  P1000_30  harvest_25  harvest_30  lipids  proteins
132       27        8        0        0         8         0          20           8   50.72      16.9
133       27        8        0        0         8         0          20           8   51.12      17.0

3 x 4 bicluster
     P300_25  P1000_25  P1000_30  proteins
140        0         8         0      17.0
132        0         8         0      16.9
133        0         8         0      17.0

2 x 4 bicluster
     P300_25  P1000_25  P1000_30  proteins
140        0         8         0      17.0
132        0         8         0      16.9

2 x 6 bicluster
     Ptot_30  P300_25  P1000_25  P1000_30  harvest_30  seed_yield
133        8        0         8         0           8       44.60
135        7        0         7         0           7       38.87

2 x 4 bicluster
     P300_25  P1000_25  P1000_30  proteins
140        0         8         0      17.0
133        0         8         0      17.0

2 x 10 bicluster
     Ptot_25  Ptot_30  P300_25  P600_25  P1000_25  P1000_30  harvest_25  harvest_30  PMG  proteins
136       26        4        0        3        11         0          13           4  4.5      17.4
137       26        4        0        3        11         0          13           4  4.1      16.6

3 x 5 bicluster
     P300_25  P600_25  P1000_25  P1000_30  proteins
136        0        3        11         0      17.4
137        0        3        11         0      16.6
139        0        3        10         0      15.2

2 x 5 bicluster
     P300_25  P600_25  P1000_25  P1000_30  proteins
136        0        3        11         0      17.4
139        0        3        10         0      15.2

2 x 4 bicluster
     P300_25  P1000_25  P1000_30  seed_yield
136        0        11         0       28.28
142        0         8         0       20.72

2 x 5 bicluster
     P300_25  P600_25  P1000_25  P1000_30  proteins
137        0        3        11         0      16.6
139        0        3        10         0      15.2

2 x 3 bicluster
     P1000_25  P1000_30  seed_yield
138        10         0       50.06
146         5         0       24.98

2 x 4 bicluster
     P300_25  P1000_25  P1000_30  lipids
139        0        10         0    53.6
141        0         8         0    42.8

2 x 9 bicluster
     Ptot_25  Ptot_30  P300_25  P600_25  P1000_25  P1000_30  harvest_25  harvest_30  lipids
142       24        4        0        1         8         0          15           4    43.7
143       24        4        0        1         8         0          15           4    44.0

2 x 10 bicluster
     Ptot_25  Ptot_30  P300_25  P600_25  P1000_25  P1000_30  harvest_25  harvest_30  seed_yield  lipids
144       24        2        4        2         6         0          12           2       37.76    46.1
145       24        2        4        2         6         0          12           2       37.80    46.2

3 x 6 bicluster
     Ptot_30  P600_25  P1000_25  P1000_30  harvest_30  PMG
144        2        2         6         0           2  5.0
146        2        2         5         0           2  4.0
147        2        2         5         0           2  4.0

2 x 6 bicluster
     Ptot_30  P600_25  P1000_25  P1000_30  harvest_30  PMG
144        2        2         6         0           2  5.0
147        2        2         5         0           2  4.0

2 x 9 bicluster
     Ptot_25  Ptot_30  P300_25  P600_25  P1000_25  P1000_30  harvest_25  harvest_30  PMG
146       24        2        4        2         5         0          14           2  4.0
147       24        2        4        2         5         0          14           2  4.0

2 x 3 bicluster
     P1000_25  P1000_30  seed_yield
171         2         0       28.27
150         2         0       28.17

2 x 6 bicluster
     Ptot_30  P600_25  P1000_25  P1000_30  harvest_30  proteins
165        0        3         2         0           0      16.7
151        0        3         2         0           0      16.7

2 x 7 bicluster
     Ptot_30  P300_25  P600_25  P1000_25  P1000_30  harvest_30  proteins
155        0        2        3         2         0           0     18.40
157        0        2        3         2         0           0     18.33

2 x 9 bicluster
     Ptot_25  Ptot_30  P300_25  P600_25  P1000_25  P1000_30  harvest_25  harvest_30  proteins
156       21        0        2        3         2         0          14           0     19.19
166       21        0        2        3         2         0          14           0     19.20

2 x 9 bicluster
     Ptot_25  Ptot_30  P300_25  P600_25  P1000_25  P1000_30  harvest_25  harvest_30   PMG
156       21        0        2        3         2         0          14           0  4.19
159       21        0        2        3         2         0          14           0  4.14

2 x 9 bicluster
     Ptot_25  Ptot_30  P300_25  P600_25  P1000_25  P1000_30  harvest_25  harvest_30   PMG
157       21        0        2        3         2         0          14           0  4.07
158       21        0        2        3         2         0          14           0  3.94

2 x 9 bicluster
     Ptot_25  Ptot_30  P300_25  P600_25  P1000_25  P1000_30  harvest_25  harvest_30  lipids
157       21        0        2        3         2         0          14           0   47.94
159       21        0        2        3         2         0          14           0   48.02

2 x 3 bicluster
     P1000_25  P1000_30  seed_yield
170         2         0       22.35
158         2         0       22.34

3 x 9 bicluster
     Ptot_25  Ptot_30  P300_25  P600_25  P1000_25  P1000_30  harvest_25  harvest_30   PMG
160       21        2        3        1         4         0          13           2  4.33
161       21        2        3        1         4         0          13           2  4.44
163       21        2        3        1         4         0          13           2  4.38

2 x 9 bicluster
     Ptot_25  Ptot_30  P300_25  P600_25  P1000_25  P1000_30  harvest_25  harvest_30  lipids
160       21        2        3        1         4         0          13           2   47.93
162       21        2        3        1         4         0          13           2   47.84

2 x 9 bicluster
     Ptot_25  Ptot_30  P300_25  P600_25  P1000_25  P1000_30  harvest_25  harvest_30   PMG
160       21        2        3        1         4         0          13           2  4.33
163       21        2        3        1         4         0          13           2  4.38

2 x 10 bicluster
     Ptot_25  Ptot_30  P300_25  P600_25  P1000_25  P1000_30  harvest_25  harvest_30   PMG  lipids
161       21        2        3        1         4         0          13           2  4.44   47.47
163       21        2        3        1         4         0          13           2  4.38   47.77

